0.000000   0.000549  0.219727   2.999207
0.002500   0.000549  0.000000   2.999866
0.005000   0.000549  0.000000   2.999866
0.007500   0.009888  3.735352   2.988955
0.010000   0.037903  11.206055   2.967536
0.012500   0.075806  15.161133   2.957035
0.015000   0.129089  21.313477   2.940782
0.017500   0.203796  29.882813   2.918899
0.020000   0.296631  37.133789   2.902008
0.022500   0.410889  45.703125   2.883262
0.025000   0.545471  53.833008   2.867602
0.027500   0.694336  59.545898   2.858913
0.030000   0.853088  63.500977   2.854763
0.032500   1.032715  71.850586   2.843110
0.035000   1.227173  77.783203   2.837648
0.037500   1.425476  79.321289   2.840328
0.040000   1.640259  85.913086   2.835326
0.042500   1.862183  88.769531   2.836922
0.045000   2.095642  93.383789   2.836595
0.047500   2.340088  97.778320   2.837238
0.050000   2.584534  97.778320   2.843869
0.052500   2.848206  105.468750   2.841560
0.055000   3.114075  106.347656   2.847847
0.057500   3.394775  112.280273   2.848982
0.060000   3.679321  113.818359   2.855188
0.062500   3.980347  120.410156   2.857171
0.065000   4.278625  119.311523   2.866513
0.067500   4.586792  123.266602   2.871624
0.070000   4.902649  126.342773   2.877988
0.072500   5.228394  130.297852   2.884095
0.075000   5.555237  130.737305   2.893025
0.077500   5.888672  133.374023   2.900583
0.080000   6.240234  140.625000   2.905686
0.082500   6.592896  141.064453   2.915467
0.085000   6.954346  144.580078   2.923585
0.087500   7.328430  149.633789   2.931406
0.090000   7.701416  149.194336   2.942459
0.092500   8.085938  153.808594   2.951064
0.095000   8.479248  157.324219   2.960611
0.097500   8.879150  159.960938   2.970960
0.100000   9.284546  162.158203   2.981690
0.102500   9.700378  166.333008   2.991845
0.105000   10.122803  168.969727   3.002967
0.107500   10.547424  169.848633   3.014907
0.110000   10.975342  171.166992   3.026687
0.112500   11.411499  174.462891   3.038007
0.115000   11.860291  179.516602   3.049246
0.117500   12.310730  180.175781   3.061945
0.120000   12.766113  182.153320   3.074381
0.122500   13.231934  186.328125   3.086585
0.125000   13.705994  189.624023   3.099261
0.127500   14.185547  191.821289   3.112322
0.130000   14.671692  194.458008   3.125563
0.132500   15.168274  198.632813   3.138690
0.135000   15.664307  198.413086   3.152730
0.137500   16.165283  200.390625   3.166423
0.140000   16.677795  205.004883   3.179821
0.142500   17.193604  206.323242   3.193967
0.145000   17.714905  208.520508   3.208010
0.147500   18.244446  211.816406   3.222133
0.150000   18.782776  215.332031   3.236376
0.152500   19.322205  215.771484   3.251085
0.155000   19.870972  219.506836   3.265535
0.157500   20.421387  220.166016   3.280399
0.160000   20.980591  223.681641   3.294964
0.162500   21.541992  224.560547   3.309834
0.165000   22.113281  228.515625   3.324510
0.167500   22.684570  228.515625   3.339538
0.170000   23.265198  232.250977   3.354310
0.172500   23.853516  235.327148   3.369234
0.175000   24.457214  241.479492   3.384129
0.177500   26.073303  646.435547   3.420142
0.180000   26.688538  246.093750   3.439623
0.182500   27.309265  248.291016   3.454588
0.185000   27.937683  251.367188   3.469503
0.187500   28.570496  253.125000   3.484441
0.190000   29.217590  258.837891   3.499242
0.192500   29.862488  257.958984   3.514229
0.195000   30.508484  258.398438   3.528932
0.197500   31.163818  262.133789   3.543364
0.200000   31.821899  263.232422   3.557814
0.202500   32.493164  268.505859   3.572030
0.205000   33.169373  270.483398   3.586317
0.207500   33.846130  270.703125   3.600546
0.210000   34.531128  273.999023   3.614404
0.212500   35.217224  274.438477   3.628192
0.215000   35.917053  279.931641   3.641640
0.217500   36.618530  280.590820   3.654998
0.220000   37.325500  282.788086   3.668168
0.222500   38.038513  285.205078   3.681099
0.225000   38.760864  288.940430   3.693755
0.227500   39.489807  291.577148   3.706245
0.230000   40.222046  292.895508   3.718403
0.232500   40.957581  294.213867   3.730218
0.235000   41.699707  296.850586   3.741769
0.237500   42.450073  300.146484   3.753000
0.240000   43.207031  302.783203   3.763916
0.242500   43.963440  302.563477   3.774503
0.245000   44.726990  305.419922   3.784589
0.247500   45.498230  308.496094   3.794340
0.250000   46.273865  310.253906   3.803706
0.252500   47.055542  312.670898   3.812663
0.255000   47.845459  315.966797   3.821186
0.257500   48.633728  315.307617   3.829264
0.260000   49.430786  318.823242   3.836797
0.262500   50.235535  321.899414   3.843901
0.265000   51.041931  322.558594   3.850523
0.267500   51.856567  325.854492   3.856599
0.270000   52.673950  326.953125   3.862153
0.272500   53.498474  329.809570   3.867115
0.275000   54.327393  331.567383   3.871543
0.277500   55.162354  333.984375   3.875373
0.280000   56.005005  337.060547   3.878605
0.282500   56.850403  338.159180   3.881229
0.285000   57.695801  338.159180   3.883227
0.287500   58.550537  341.894531   3.884532
0.290000   59.408569  343.212891   3.885208
0.292500   60.274841  346.508789   3.885178
0.295000   61.136719  344.750977   3.884518
0.297500   62.009033  348.925781   3.883081
0.300000   62.888489  351.782227   3.880939
0.302500   63.769592  352.441406   3.878081
0.305000   64.656189  354.638672   3.874461
0.307500   65.547180  356.396484   3.870088
0.310000   66.441467  357.714844   3.864952
0.312500   67.342346  360.351563   3.859019
0.315000   68.247070  361.889648   3.852280
0.317500   69.151245  361.669922   3.844803
0.320000   70.063110  364.746094   3.836471
0.322500   70.981018  367.163086   3.827313
0.325000   71.900574  367.822266   3.817352
0.327500   72.822876  368.920898   3.806563
0.330000   73.751770  371.557617   3.794910
0.332500   74.677917  370.458984   3.782489
0.335000   75.608459  372.216797   3.769197
0.337500   76.546692  375.292969   3.755015
0.340000   77.485474  375.512695   3.740012
0.342500   78.431946  378.588867   3.724104
0.345000   79.381714  379.907227   3.707371
0.347500   80.330383  379.467773   3.689832
0.350000   81.279602  379.687500   3.671463
0.352500   82.239807  384.082031   3.652099
0.355000   83.197815  383.203125   3.632053
0.357500   84.160217  384.960938   3.611102
0.360000   85.129211  387.597656   3.589016
0.362500   86.107544  391.333008   3.564360
0.365000   87.099060  396.606445   3.525561
0.367500   88.104309  402.099609   3.387318
0.370000   89.139771  414.184570   2.584027
0.372500   90.198853  423.632813   -0.119445
0.375000   91.275513  430.664063   -2.122680
0.377500   92.374695  439.672852   -2.532357
0.380000   93.462341  435.058594   -2.605228
0.382500   94.519226  422.753906   -2.637473
0.385000   95.522827  401.440430   -2.664440
0.387500   96.462158  375.732422   -2.689881
0.390000   97.348206  354.418945   -2.714420
0.392500   98.165588  326.953125   -2.737517
0.395000   98.935181  307.836914   -2.759638
0.397500   99.639954  281.909180   -2.780072
0.400000   100.293640  261.474609   -2.799205
0.402500   100.892395  239.501953   -2.816641
0.405000   101.437866  218.188477   -2.832309
0.407500   101.938293  200.170898   -2.846413
0.410000   102.381592  177.319336   -2.856433
0.412500   102.775452  157.543945   -2.863604
0.415000   103.122070  138.647461   -2.866807
0.417500   103.420898  119.531250   -2.864470
0.420000   103.669739  99.536133   -2.854204
0.422500   103.876831  82.836914   -2.840559
0.425000   104.042175  66.137695   -2.819749
0.427500   104.161926  47.900391   -2.787659
0.430000   104.237732  30.322266   -2.749312
0.432500   104.274536  14.721680   -2.710841
0.435000   104.275085  0.219727   -2.672723
0.437500   104.243225  -12.744141   -2.638238
0.440000   104.183350  -23.950195   -2.609159
0.442500   104.093262  -36.035156   -2.578521
0.445000   103.979004  -45.703125   -2.555479
0.447500   103.835632  -57.348633   -2.529049
0.450000   103.676880  -63.500977   -2.516011
0.452500   103.498901  -71.191406   -2.500210
0.455000   103.296204  -81.079102   -2.481295
0.457500   103.084717  -84.594727   -2.473730
0.460000   102.852356  -92.944336   -2.458799
0.462500   102.599121  -101.293945   -2.444646
0.465000   102.337097  -104.809570   -2.436796
0.467500   102.055847  -112.500000   -2.424021
0.470000   101.765808  -116.015625   -2.415639
0.472500   101.456543  -123.706055   -2.403073
0.475000   101.140686  -126.342773   -2.394923
0.477500   100.809998  -132.275391   -2.383826
0.480000   100.462280  -139.086914   -2.372046
0.482500   100.107971  -141.723633   -2.363036
0.485000   99.737732  -148.095703   -2.351525
0.487500   99.349915  -155.126953   -2.339669
0.490000   98.957153  -157.104492   -2.330356
0.492500   98.550659  -162.597656   -2.319109
0.495000   98.126038  -169.848633   -2.306956
0.497500   97.687134  -175.561523   -2.295257
0.500000   97.240540  -178.637695   -2.284344
0.502500   96.778015  -185.009766   -2.272141
0.505000   96.303406  -189.843750   -2.260258
0.507500   95.813416  -195.996094   -2.247846
0.510000   95.317932  -198.193359   -2.236265
0.512500   94.809265  -203.466797   -2.223613
0.515000   94.287415  -208.740234   -2.210306
0.517500   93.760071  -210.937500   -2.196036
0.520000   93.217896  -216.870117   -2.176611
0.522500   92.670227  -219.067383   -2.145018
0.525000   92.110474  -223.901367   -2.073601
0.527500   91.540283  -228.076172   -1.883608
0.530000   90.965698  -229.833984   -1.374396
0.532500   90.376831  -235.546875   -0.200037
0.535000   89.786865  -235.986328   1.522900
0.537500   89.190308  -238.623047   2.914788
0.540000   88.606384  -233.569336   3.570936
0.542500   88.040039  -226.538086   3.814195
0.545000   87.521484  -207.421875   3.897998
0.547500   87.062805  -183.471680   3.928485
0.550000   86.668945  -157.543945   3.937887
0.552500   86.336609  -132.934570   3.935959
0.555000   86.076782  -103.930664   3.917988
0.557500   85.872437  -81.738281   3.894648
0.560000   85.738953  -53.393555   3.845341
0.562500   85.665344  -29.443359   3.789921
0.565000   85.647217  -7.250977   3.730037
0.567500   85.681274  13.623047   3.671024
0.570000   85.764221  33.178711   3.618162
0.572500   85.893860  51.855469   3.572858
0.575000   86.065796  68.774414   3.537686
0.577500   86.273987  83.276367   3.511842
0.580000   86.518433  97.778320   3.489095
0.582500   86.794739  110.522461   3.469901
0.585000   87.106201  124.584961   3.447551
0.587500   87.445129  135.571289   3.420601
0.590000   87.819763  149.853516   3.370724
0.592500   88.220764  160.400391   3.273294
0.595000   88.643188  168.969727   3.060840
0.597500   89.092529  179.736328   2.587567
0.600000   89.565491  189.184570   1.649708
0.602500   90.056030  196.215820   0.250009
0.605000   90.565796  203.906250   -1.123539
0.607500   91.077209  204.565430   -1.966382
0.610000   91.578186  200.390625   -2.346815
0.612500   92.052246  189.624023   -2.494352
0.615000   92.488403  174.462891   -2.547740
0.617500   92.875122  154.687500   -2.562428
0.620000   93.199768  129.858398   -2.555665
0.622500   93.478821  111.621094   -2.542318
0.625000   93.699097  88.110352   -2.512465
0.627500   93.878723  71.850586   -2.483510
0.630000   94.003418  49.877930   -2.433933
0.632500   94.078125  29.882813   -2.378335
0.635000   94.105042  10.766602   -2.318173
0.637500   94.094055  -4.394531   -2.266715
0.640000   94.040771  -21.313477   -2.209969
0.642500   93.952332  -35.375977   -2.163354
0.645000   93.834229  -47.241211   -2.124836
0.647500   93.682617  -60.644531   -2.085130
0.649999   93.513977  -67.456055   -2.061118
0.652499   93.320068  -77.563477   -2.031001
0.654999   93.100891  -87.670898   -2.001019
0.657499   92.867432  -93.383789   -1.976000
0.659999   92.606506  -104.370117   -1.938860
0.662499   92.327454  -111.621094   -1.896704
0.664999   92.025330  -120.849609   -1.831296
0.667499   91.705627  -127.880859   -1.725999
0.669999   91.355164  -140.185547   -1.524016
0.672499   90.982727  -148.974609   -1.145109
0.674999   90.585022  -159.082031   -0.445608
0.677499   90.151062  -173.583984   0.700163
0.679999   89.697327  -181.494141   2.044434
0.682499   89.221619  -190.283203   3.131574
0.684999   88.740967  -192.260742   3.739453
0.687499   88.265808  -190.063477   4.000000
0.689999   87.809326  -182.592773   4.000000
0.692499   87.392395  -166.772461   4.000000
0.694999   87.019958  -148.974609   4.000000
0.697499   86.699707  -128.100586   4.000000
0.699999   86.419556  -112.060547   4.000000
0.702499   86.189392  -92.065430   4.000000
0.704999   85.999878  -75.805664   4.000000
0.707499   85.849915  -59.985352   4.000000
0.709999   85.747742  -40.869141   4.000000
0.712499   85.688965  -23.510742   4.000000
0.714999   85.663147  -10.327148   3.998354
0.717499   85.671936  3.515625   3.958252
0.719999   85.713135  16.479492   3.920507
0.722499   85.783447  28.125000   3.887432
0.724999   85.883972  40.209961   3.854632
0.727499   86.014709  52.294922   3.823949
0.729999   86.167419  61.083984   3.802618
0.732499   86.339905  68.994141   3.783933
0.734999   86.538757  79.541016   3.760898
0.737499   86.754089  86.132813   3.744654
0.739999   86.987549  93.383789   3.725841
0.742499   87.246277  103.491211   3.699737
0.744999   87.522034  110.302734   3.670685
0.747499   87.824158  120.849609   3.621832
0.749999   88.143311  127.661133   3.545038
0.752499   88.485535  136.889648   3.399349
0.754999   88.844238  143.481445   3.125599
0.757499   89.218872  149.853516   2.617352
0.759999   89.613831  157.983398   1.751219
0.762499   90.020874  162.817383   0.575818
0.764999   90.435608  165.893555   -0.599591
0.767499   90.848145  165.014648   -1.446422
0.769999   91.249695  160.620117   -1.925741
0.772499   91.620483  148.315430   -2.155752
0.774999   91.947876  130.957031   -2.257053
0.777499   92.228577  112.280273   -2.296931
0.779999   92.451599  89.208984   -2.297833
0.782499   92.620239  67.456055   -2.277678
0.784999   92.741089  48.339844   -2.246877
0.787499   92.803162  24.829102   -2.191509
0.789999   92.815796  5.053711   -2.137062
0.792499   92.782288  -13.403320   -2.082776
0.794999   92.707031  -30.102539   -2.033163
0.797499   92.590576  -46.582031   -1.984712
0.799999   92.446655  -57.568359   -1.949185
0.802499   92.269775  -70.751953   -1.904159
0.804999   92.057190  -85.034180   -1.846659
0.807499   91.823181  -93.603516   -1.777925
0.809999   91.559509  -105.468750   -1.661061
0.812499   91.271118  -115.356445   -1.466146
0.814999   90.958008  -125.244141   -1.124140
0.817499   90.627869  -132.055664   -0.557302
0.819999   90.272461  -142.163086   0.322911
0.822499   89.910461  -144.799805   1.391533
0.824999   89.536377  -149.633789   2.426923
0.827499   89.152405  -153.588867   3.200883
0.829999   88.788208  -145.678711   3.639935
0.832499   88.448730  -135.791016   3.864779
0.834999   88.143311  -122.167969   3.969494
0.837499   87.891174  -100.854492   4.000000
0.839999   87.696716  -77.783203   3.994965
0.842499   87.562134  -53.833008   3.959114
0.844999   87.494568  -27.026367   3.893901
0.847499   87.493469  -0.439453   3.812780
0.849999   87.551697  23.291016   3.734001
0.852499   87.674194  48.999023   3.649372
0.854999   87.847229  69.213867   3.577388
0.857499   88.068604  88.549805   3.495062
0.859999   88.347656  111.621094   3.370460
0.862499   88.661316  125.463867   3.177171
0.864999   89.021667  144.140625   2.799501
0.867499   89.423218  160.620117   2.087116
0.869999   89.851685  171.386719   0.955557
0.872499   90.312012  184.130859   -0.405370
0.874999   90.802002  195.996094   -1.505666
0.877499   91.297485  198.193359   -2.102418
0.879999   91.789124  196.655273   -2.364151
0.882499   92.254395  186.108398   -2.466913
0.884999   92.685059  172.265625   -2.507145
0.887499   93.074524  155.786133   -2.521480
0.889999   93.422791  139.306641   -2.523993
0.892499   93.720520  119.091797   -2.515492
0.894999   93.980347  103.930664   -2.504778
0.897499   94.183594  81.298828   -2.476389
0.899999   94.341797  63.281250   -2.445389
0.902499   94.455505  45.483398   -2.406523
0.904999   94.520325  25.927734   -2.355232
0.907499   94.540649  8.129883   -2.302989
0.909999   94.525818  -5.932617   -2.259689
0.912499   94.468689  -22.851563   -2.208071
0.914999   94.378601  -36.035156   -2.169107
0.917499   94.256104  -48.999023   -2.133113
0.919999   94.109436  -58.666992   -2.107129
0.922499   93.934204  -70.092773   -2.079118
0.924999   93.729309  -81.958008   -2.052383
0.927499   93.508484  -88.330078   -2.035597
0.929999   93.265686  -97.119141   -2.014617
0.932499   93.003113  -105.029297   -1.993181
0.934999   92.722412  -112.280273   -1.968201
0.937499   92.418640  -121.508789   -1.931548
0.939999   92.098938  -127.880859   -1.877910
0.942499   91.764404  -133.813477   -1.784326
0.944999   91.406799  -143.041992   -1.602378
0.947499   91.039856  -146.777344   -1.265805
0.949999   90.656433  -153.369141   -0.649022
0.952499   90.258179  -159.301758   0.331965
0.954999   89.860474  -159.082031   1.513420
0.957499   89.464966  -158.203125   2.572628
0.959999   89.067810  -158.862305   3.307984
0.962499   88.696472  -148.535156   3.703287
0.964999   88.361389  -134.033203   3.895024
0.967499   88.066406  -117.993164   3.983373
0.969999   87.829651  -94.702148   4.000000
0.972499   87.648926  -72.290039   4.000000
0.974999   87.523132  -50.317383   3.970099
0.977499   87.460510  -25.048828   3.912533
0.979999   87.446228  -5.712891   3.859711
0.982499   87.482483  14.501953   3.798608
0.984999   87.562134  31.860352   3.743955
0.987499   87.681885  47.900391   3.691222
0.989999   87.829651  59.106445   3.646272
0.992499   88.003784  69.653320   3.592926
0.994999   88.208679  81.958008   3.516657
0.997499   88.431702  89.208984   3.416661
0.999999   88.668457  94.702148   3.265881
1.002499   88.928833  104.150391   3.012603
1.004999   89.201843  109.204102   2.623750
1.007499   89.492981  116.455078   2.027233
1.009999   89.785767  117.114258   1.253684
1.012499   90.089539  121.508789   0.345213
1.015000   90.391113  120.629883   -0.506689
1.017500   91.132141  296.411133   -1.882557
1.020000   91.355164  89.208984   -1.991741
1.022500   91.552917  79.101563   -2.095865
1.025000   91.712219  63.720703   -2.137802
1.027500   91.822632  44.165039   -2.132173
1.030000   91.886353  25.488281   -2.102064
1.032500   91.903931  7.031250   -2.053995
1.035000   91.881958  -8.789063   -2.001641
1.037500   91.816589  -26.147461   -1.932967
1.040000   91.718262  -39.331055   -1.864739
1.042500   91.588623  -51.855469   -1.780407
1.045000   91.424927  -65.478516   -1.662075
1.047500   91.240906  -73.608398   -1.510677
1.050000   91.023926  -86.791992   -1.264356
1.052500   90.784973  -95.581055   -0.902315
1.055000   90.526245  -103.491211   -0.371283
1.057500   90.246094  -112.060547   0.364160
1.060001   89.961548  -113.818359   1.207052
1.062501   89.664368  -118.872070   2.069558
1.065001   89.371582  -117.114258   2.770100
1.067501   89.081543  -116.015625   3.275626
1.070001   88.822266  -103.710938   3.568620
1.072501   88.592651  -91.845703   3.734908
1.075001   88.411377  -72.509766   3.802922
1.077501   88.276794  -53.833008   3.819273
1.080001   88.193298  -33.398438   3.795455
1.082501   88.166931  -10.546875   3.736849
1.085001   88.197144  12.084961   3.658085
1.087501   88.278442  32.519531   3.570068
1.090001   88.404236  50.317383   3.470720
1.092501   88.573425  67.675781   3.339477
1.095001   88.789307  86.352539   3.140547
1.097501   89.044739  102.172852   2.830110
1.100001   89.341919  118.872070   2.312081
1.102502   89.668762  130.737305   1.524494
1.105002   90.030212  144.580078   0.460073
1.107502   90.410889  152.270508   -0.627004
1.110002   90.809692  159.521484   -1.476955
1.112502   91.208496  159.521484   -1.983144
1.115002   91.588074  151.831055   -2.235713
1.117502   91.939087  140.405273   -2.352839
1.120002   92.248901  123.925781   -2.400411
1.122502   92.509827  104.370117   -2.410821
1.125002   92.726257  86.572266   -2.403313
1.127502   92.889954  65.478516   -2.375046
1.130002   93.003662  45.483398   -2.335187
1.132502   93.069031  26.147461   -2.286247
1.135002   93.089905  8.349609   -2.234666
1.137502   93.070129  -7.910156   -2.184474
1.140002   93.014099  -22.412109   -2.138904
1.142502   92.923462  -36.254883   -2.095814
1.145002   92.799866  -49.438477   -2.055273
1.147503   92.641663  -63.281250   -2.013208
1.150003   92.459839  -72.729492   -1.978058
1.152503   92.252197  -83.056641   -1.934169
1.155003   92.013794  -95.361328   -1.872206
1.157503   91.760010  -101.513672   -1.792239
1.160003   91.478760  -112.500000   -1.651014
1.162503   91.180481  -119.311523   -1.418234
1.165003   90.857483  -129.199219   -1.006318
1.167503   90.520752  -134.692383   -0.346461
1.170003   90.164795  -142.382813   0.609516
1.172503   89.800049  -145.898438   1.699612
1.175003   89.438049  -144.799805   2.641183
1.177503   89.072205  -146.337891   3.308406
1.180003   88.727234  -137.988281   3.683674
1.182503   88.413025  -125.683594   3.874898
1.185003   88.133423  -111.840820   3.967233
1.187503   87.905457  -91.186523   3.996017
1.190004   87.730225  -70.092773   3.990057
1.192504   87.604431  -50.317383   3.964195
1.195004   87.531372  -29.223633   3.918239
1.197504   87.513245  -7.250977   3.856925
1.200004   87.540161  10.766602   3.800836
1.202504   87.614319  29.663086   3.739008
1.205004   87.726929  45.043945   3.684970
1.207504   87.873596  58.666992   3.630469
1.210004   88.052124  71.411133   3.567059
1.212504   88.269653  87.011719   3.474491
1.215004   88.505859  94.482422   3.355378
1.217504   88.770630  105.908203   3.152190
1.220004   89.059570  115.576172   2.816766
1.222504   89.376526  126.782227   2.256408
1.225004   89.708313  132.714844   1.437329
1.227504   90.063171  141.943359   0.385418
1.230004   90.429016  146.337891   -0.646985
1.232504   90.800354  148.535156   -1.433097
1.235005   91.164001  145.458984   -1.911291
1.237505   91.500732  134.692383   -2.158451
1.240005   91.809998  123.706055   -2.282482
1.242505   92.073669  105.468750   -2.331710
1.245005   92.296692  89.208984   -2.347425
1.247505   92.468079  68.554688   -2.332649
1.250005   92.592224  49.658203   -2.303685
1.252505   92.675171  33.178711   -2.268792
1.255005   92.711426  14.501953   -2.219041
1.257505   92.705383  -2.416992   -2.168731
1.260005   92.659241  -18.457031   -2.118521
1.262505   92.577942  -32.519531   -2.073180
1.265005   92.472473  -42.187500   -2.038785
1.267505   92.338440  -53.613281   -1.996858
1.270005   92.179138  -63.720703   -1.952534
1.272505   91.992371  -74.707031   -1.895298
1.275005   91.793518  -79.541016   -1.832204
1.277506   91.571594  -88.769531   -1.728032
1.280006   91.332092  -95.800781   -1.572248
1.282506   91.077759  -101.733398   -1.328910
1.285006   90.804749  -109.204102   -0.939349
1.287506   90.524048  -112.280273   -0.374453
1.290006   90.226318  -119.091797   0.411446
1.292506   89.932983  -117.333984   1.282469
1.295006   89.634155  -119.531250   2.139309
1.297506   89.340820  -117.333984   2.824085
1.300006   89.059570  -112.500000   3.296325
1.302506   88.805786  -101.513672   3.577136
1.305006   88.583862  -88.769531   3.733980
1.307506   88.407532  -70.532227   3.801189
1.310006   88.274048  -53.393555   3.821708
1.312506   88.182861  -36.474609   3.811535
1.315006   88.141113  -16.699219   3.769377
1.317506   88.139465  -0.659180   3.722555
1.320006   88.186707  18.896484   3.650585
1.322507   88.268555  32.739258   3.584169
1.325007   88.379517  44.384766   3.509167
1.327507   88.521240  56.689453   3.408249
1.330007   88.689880  67.456055   3.272911
1.332507   88.892029  80.859375   3.063166
1.335007   89.113953  88.769531   2.766092
1.337507   89.364990  100.415039   2.302929
1.340007   89.628113  105.249023   1.675921
1.342507   89.908813  112.280273   0.870114
1.345007   90.195557  114.697266   0.011412
1.347507   90.493835  119.311523   -0.789861
1.350007   90.779480  114.257813   -1.374702
1.352507   91.052490  109.204102   -1.764662
1.355007   91.295837  97.338867   -1.987816
1.357507   91.505127  83.715820   -2.107616
1.360007   91.678162  69.213867   -2.164571
1.362507   91.808350  52.075195   -2.175554
1.365008   91.897339  35.595703   -2.161180
1.367508   91.948975  20.654297   -2.133529
1.370008   91.960510  4.614258   -2.089382
1.372508   91.939636  -8.349609   -2.045673
1.375008   91.888000  -20.654297   -1.996149
1.377508   91.811096  -30.761719   -1.945086
1.380008   91.708374  -41.088867   -1.881983
1.382508   91.585876  -48.999023   -1.810012
1.385008   91.438660  -58.886719   -1.707173
1.387508   91.279358  -63.720703   -1.583320
1.390008   91.100830  -71.411133   -1.399033
1.392508   90.899780  -80.419922   -1.126244
1.395008   90.693237  -82.617188   -0.771095
1.397508   90.472961  -88.110352   -0.280783
1.400008   90.241699  -92.504883   0.339562
1.402508   90.011536  -92.065430   1.019093
1.405008   89.774780  -94.702148   1.725358
1.407508   89.549011  -90.307617   2.326220
1.410009   89.329834  -87.670898   2.812734
1.412509   89.126587  -81.298828   3.159791
1.415009   88.956299  -68.115234   3.367403
1.417509   88.817322  -55.590820   3.490187
1.420009   88.715149  -40.869141   3.544954
1.422509   88.660217  -21.972656   3.536095
1.425009   88.642090  -7.250977   3.506196
1.427509   88.662415  8.129883   3.445514
1.430009   88.728882  26.586914   3.340112
1.432509   88.824463  38.232422   3.223161
1.435009   88.951904  50.976563   3.054975
1.437509   89.102966  60.424805   2.833120
1.440009   89.282043  71.630859   2.510573
1.442509   89.480896  79.541016   2.077742
1.445009   89.691833  84.375000   1.532019
1.447509   89.918701  90.747070   0.866063
1.450009   90.153809  94.042969   0.156703
1.452510   90.393311  95.800781   -0.514112
1.455010   90.633911  96.240234   -1.077932
1.457510   90.853638  87.890625   -1.466109
1.460010   91.059631  82.397461   -1.738357
1.462510   91.231567  68.774414   -1.889368
1.465010   91.368347  54.711914   -1.967957
1.467510   91.465027  38.671875   -1.991545
1.470010   91.526550  24.609375   -1.988109
1.472510   91.544128  7.031250   -1.946190
1.475010   91.530396  -5.493164   -1.901707
1.477510   91.479309  -20.434570   -1.829652
1.480010   91.399658  -31.860352   -1.748397
1.482510   91.294739  -41.967773   -1.645668
1.485010   91.164551  -52.075195   -1.505751
1.487510   91.010193  -61.743164   -1.312128
1.490010   90.838806  -68.554688   -1.053829
1.492510   90.655884  -73.168945   -0.713716
1.495010   90.457581  -79.321289   -0.257360
1.497511   90.248840  -83.496094   0.305487
1.500011   90.039551  -83.715820   0.921859
1.502511   89.825867  -85.473633   1.563582
1.505011   89.620422  -82.177734   2.131252
1.507511   89.423218  -78.881836   2.602677
1.510011   89.237000  -74.487305   2.965365
1.512511   89.080444  -62.622070   3.193308
1.515011   88.955200  -50.097656   3.329762
1.517511   88.865662  -35.815430   3.393611
1.520011   88.818420  -18.896484   3.393789
1.522511   88.807983  -4.174805   3.360387
1.525011   88.843140  14.062500   3.272105
1.527511   88.913452  28.125000   3.157794
1.530011   89.016174  41.088867   2.999245
1.532511   89.149109  53.173828   2.778718
1.535011   89.311707  65.039063   2.466991
1.537511   89.495178  73.388672   2.055436
1.540012   89.691833  78.662109   1.541954
1.542512   89.907166  86.132813   0.908127
1.545012   90.130188  89.208984   0.234153
1.547512   90.355957  90.307617   -0.407368
1.550012   90.585022  91.625977   -0.966676
1.552512   90.795959  84.375000   -1.365372
1.555012   90.988220  76.904297   -1.640396
1.557512   91.156860  67.456055   -1.815753
1.560012   91.288696  52.734375   -1.902812
1.562512   91.384277  38.232422   -1.938219
1.565012   91.438660  21.752930   -1.928677
1.567512   91.459534  8.349609   -1.902417
1.570012   91.446899  -5.053711   -1.854926
1.572512   91.396912  -19.995117   -1.779229
1.575012   91.320557  -30.541992   -1.695414
1.577512   91.216187  -41.748047   -1.579327
1.580012   91.087097  -51.635742   -1.425439
1.582512   90.932190  -61.962891   -1.207864
1.585013   90.767395  -65.917969   -0.938812
1.587513   90.586121  -72.509766   -0.568575
1.590013   90.391663  -77.783203   -0.093384
1.592513   90.192261  -79.760742   0.461533
1.595013   89.991760  -80.200195   1.059755
1.597513   89.787964  -81.518555   1.667017
1.600013   89.597351  -76.245117   2.180801
1.602513   89.415527  -72.729492   2.608315
1.605013   89.246338  -67.675781   2.935544
1.607513   89.104614  -56.689453   3.144980
1.610013   88.995300  -43.725586   3.264763
1.612513   88.917847  -30.981445   3.324055
1.615013   88.880493  -14.941406   3.319435
1.617513   88.876099  -1.757813   3.285078
1.620013   88.915649  15.820313   3.190051
1.622513   88.984314  27.465820   3.075873
1.625013   89.080444  38.452148   2.917817
1.627514   89.201843  48.559570   2.702939
1.630014   89.354553  61.083984   2.389419
1.632514   89.519897  66.137695   2.009912
1.635014   89.698975  71.630859   1.534519
1.637514   89.894531  78.222656   0.958347
1.640014   90.097778  81.298828   0.342524
1.642514   90.303223  82.177734   -0.252356
1.645014   90.513062  83.935547   -0.792548
1.647514   90.707520  77.783203   -1.195682
1.650014   90.882751  70.092773   -1.480452
1.652514   91.041504  63.500977   -1.681946
1.655014   91.168945  50.976563   -1.792806
1.657514   91.261230  36.914063   -1.841784
1.660014   91.312866  20.654297   -1.838662
1.662514   91.336487  9.448242   -1.823845
1.665014   91.324951  -4.614258   -1.773315
1.667514   91.282104  -17.138672   -1.702868
1.670015   91.211243  -28.344727   -1.610069
1.672515   91.115662  -38.232422   -1.489164
1.675015   90.995361  -48.120117   -1.323449
1.677515   90.859131  -54.492188   -1.115118
1.680015   90.709167  -59.985352   -0.843837
1.682515   90.547119  -64.819336   -0.495960
1.685015   90.369141  -71.191406   -0.045482
1.687515   90.189514  -71.850586   0.456342
1.690015   90.008240  -72.509766   0.997406
1.692515   89.821472  -74.707031   1.558875
1.695015   89.645142  -70.532227   2.045872
1.697515   89.478699  -66.577148   2.454759
1.700015   89.325439  -61.303711   2.774064
1.702515   89.190857  -53.833008   3.003151
1.705015   89.089233  -40.649414   3.129963
1.707515   89.019470  -27.905273   3.192398
1.710015   88.986511  -13.183594   3.192398
1.712515   88.982666  -1.538086   3.162560
1.715016   89.011780  11.645508   3.086304
1.717516   89.078796  26.806641   2.951248
1.720016   89.167786  35.595703   2.791660
1.722516   89.285339  47.021484   2.556763
1.725016   89.424316  55.590820   2.252575
1.727516   89.577576  61.303711   1.876286
1.730016   89.744568  66.796875   1.415751
1.732516   89.930237  74.267578   0.857760
1.735016   90.120850  76.245117   0.281655
1.737516   90.312561  76.684570   -0.269486
1.740016   90.511414  79.541016   -0.782205
1.742516   90.693237  72.729492   -1.159956
1.745016   90.857483  65.698242   -1.433630
1.747516   91.001404  57.568359   -1.620447
1.750016   91.118408  46.801758   -1.731869
1.752516   91.200256  32.739258   -1.777172
1.755016   91.242004  16.699219   -1.769531
1.757517   91.256836  5.932617   -1.750461
1.760017   91.236511  -8.129883   -1.690928
1.762517   91.183777  -21.093750   -1.604739
1.765017   91.105774  -31.201172   -1.497080
1.767517   91.000854  -41.967773   -1.345392
1.770017   90.877808  -49.218750   -1.155881
1.772517   90.740479  -54.931641   -0.912943
1.775017   90.587219  -61.303711   -0.592112
1.777517   90.419128  -67.236328   -0.182405
1.780017   90.241699  -70.971680   0.304746
1.782517   90.063721  -71.191406   0.828211
1.785017   89.880249  -73.388672   1.383440
1.787517   89.701172  -71.630859   1.896014
1.790017   89.534180  -66.796875   2.322896
1.792517   89.378174  -62.402344   2.669006
1.795017   89.239197  -55.590820   2.923791
1.797517   89.129883  -43.725586   3.076975
1.800017   89.052429  -30.981445   3.156529
1.802518   89.012329  -16.040039   3.167846
1.805018   89.002441  -3.955078   3.144802
1.807518   89.024963  9.008789   3.076768
1.810018   89.087036  24.829102   2.944838
1.812518   89.172180  34.057617   2.788539
1.815018   89.287537  46.142578   2.554703
1.817518   89.424866  54.931641   2.252824
1.820018   89.577576  61.083984   1.876758
1.822518   89.744568  66.796875   1.415776
1.825018   89.930786  74.487305   0.855750
1.827518   90.122498  76.684570   0.276021
1.830018   90.316406  77.563477   -0.281497
1.832518   90.516357  79.980469   -0.794497
1.835018   90.699280  73.168945   -1.172368
1.837518   90.863525  65.698242   -1.443001
1.840018   91.009644  58.447266   -1.632728
1.842518   91.126648  46.801758   -1.740512
1.845019   91.209045  32.958984   -1.785851
1.847519   91.251343  16.918945   -1.778204
1.850019   91.265625  5.712891   -1.757181
1.852519   91.245300  -8.129883   -1.698577
1.855019   91.191467  -21.533203   -1.610795
1.857519   91.112915  -31.420898   -1.504212
1.860019   91.007996  -41.967773   -1.354505
1.862519   90.882751  -50.097656   -1.161397
1.865019   90.744324  -55.371094   -0.919084
1.867519   90.589417  -61.962891   -0.595667
1.870019   90.420227  -67.675781   -0.184483
1.872519   90.242249  -71.191406   0.303458
1.875019   90.062073  -72.070313   0.834689
1.877519   89.877502  -73.828125   1.392323
1.880019   89.696228  -72.509766   1.911221
1.882519   89.525391  -68.334961   2.347304
1.885019   89.365540  -63.940430   2.698496
1.887519   89.221069  -57.788086   2.960520
1.890020   89.109009  -44.824219   3.111332
1.892520   89.027161  -32.739258   3.195444
1.895020   88.983215  -17.578125   3.209268
1.897520   88.970581  -5.053711   3.187815
1.900020   88.992554  8.789063   3.119196
1.902520   89.050781  23.291016   3.000265
1.905020   89.134827  33.618164   2.849001
1.907520   89.246338  44.604492   2.634323
1.910020   89.384766  55.371094   2.338377
1.912520   89.538025  61.303711   1.974958
1.915020   89.706116  67.236328   1.522465
1.917520   89.892334  74.487305   0.970680
1.920020   90.088440  78.442383   0.374426
1.922520   90.286194  79.101563   -0.200906
1.925020   90.491638  82.177734   -0.739764
1.927520   90.683899  76.904297   -1.149349
1.930020   90.857483  69.433594   -1.441005
1.932521   91.014038  62.622070   -1.647179
1.935021   91.142578  51.416016   -1.768003
1.937521   91.235413  37.133789   -1.820622
1.940021   91.285950  20.214844   -1.816482
1.942521   91.310120  9.667969   -1.804709
1.945021   91.296936  -5.273438   -1.749742
1.947521   91.253540  -17.358398   -1.678425
1.950021   91.179382  -29.663086   -1.576401
1.952521   91.083252  -38.452148   -1.452916
1.955021   90.960205  -49.218750   -1.274193
1.957521   90.823425  -54.711914   -1.057113
1.960021   90.671814  -60.644531   -0.769559
1.962521   90.505371  -66.577148   -0.395359
1.965021   90.322449  -73.168945   0.083814
1.967521   90.140076  -72.949219   0.603810
1.970021   89.953308  -74.707031   1.167274
1.972521   89.761047  -76.904297   1.737578
1.975021   89.581421  -71.850586   2.214781
1.977522   89.411682  -67.895508   2.608591
1.980022   89.254578  -62.841797   2.911884
1.982522   89.125488  -51.635742   3.102871
1.985022   89.028259  -38.891602   3.210361
1.987522   88.967834  -24.169922   3.247162
1.990022   88.940369  -10.986328   3.241504
1.992522   88.950256  3.955078   3.185261
1.995022   88.996948  18.676758   3.084602
1.997522   89.072754  30.322266   2.949967
2.000022   89.174927  40.869141   2.766158
2.002522   89.306213  52.514648   2.503751
2.005022   89.457275  60.424805   2.167959
2.007522   89.622620  66.137695   1.749918
2.010022   89.802795  72.070313   1.238594
2.012522   90.002197  79.760742   0.631370
2.015022   90.203796  80.639648   0.030421
2.017522   90.410339  82.617188   -0.539117
2.020022   90.613586  81.298828   -1.013666
2.022522   90.799805  74.487305   -1.356547
2.025023   90.967346  67.016602   -1.595800
2.027523   91.111816  57.788086   -1.750310
2.030023   91.221680  43.945313   -1.825942
2.032523   91.293091  28.564453   -1.845879
2.035023   91.326599  13.403320   -1.828404
2.037523   91.328796  0.878906   -1.792756
2.040023   91.295837  -13.183594   -1.725416
2.042523   91.233765  -24.829102   -1.639913
2.045023   91.144775  -35.595703   -1.526143
2.047523   91.031616  -45.263672   -1.375350
2.050023   90.896484  -54.052734   -1.172602
2.052523   90.748169  -59.326172   -0.917130
2.055023   90.584473  -65.478516   -0.577411
2.057523   90.405396  -71.630859   -0.138728
2.060023   90.217529  -75.146484   0.381693
2.062523   90.028015  -75.805664   0.944160
2.065023   89.832458  -78.222656   1.533283
2.067523   89.644043  -75.366211   2.058028
2.070024   89.465515  -71.411133   2.494884
2.072524   89.298523  -66.796875   2.837937
2.075024   89.153503  -58.007813   3.073545
2.077524   89.041992  -44.604492   3.206384
2.080024   88.965088  -30.761719   3.268838
2.082524   88.925537  -15.820313   3.272809
2.085024   88.921692  -1.538086   3.234746
2.087524   88.957397  14.282227   3.146132
2.090024   89.023865  26.586914   3.027283
2.092524   89.119446  38.232422   2.860391
2.095024   89.243042  49.438477   2.628507
2.097524   89.392456  59.765625   2.312391
2.100024   89.557251  65.917969   1.917836
2.102524   89.736877  71.850586   1.427620
2.105024   89.935181  79.321289   0.833955
2.107524   90.140625  82.177734   0.212858
2.110024   90.348267  83.056641   -0.377056
2.112525   90.561401  85.253906   -0.906264
2.115025   90.756409  78.002930   -1.287115
2.117525   90.933838  70.971680   -1.557390
2.120025   91.091492  63.061523   -1.739315
2.122525   91.214539  49.218750   -1.832297
2.125025   91.299683  34.057617   -1.866053
2.127525   91.346375  18.676758   -1.858464
2.130025   91.360657  5.712891   -1.830514
2.132525   91.341431  -7.690430   -1.776543
2.135025   91.286499  -21.972656   -1.692487
2.137525   91.207397  -31.640625   -1.597394
2.140025   91.100830  -42.626953   -1.461744
2.142525   90.970093  -52.294922   -1.280298
2.145025   90.823425  -58.666992   -1.048389
2.147525   90.663025  -64.160156   -0.744739
2.150025   90.486145  -70.751953   -0.341467
2.152525   90.291687  -77.783203   0.176565
2.155025   90.100525  -76.464844   0.727635
2.157526   89.902771  -79.101563   1.326460
2.160026   89.705017  -79.101563   1.898761
2.162526   89.517700  -74.926758   2.378343
2.165026   89.340271  -70.971680   2.763966
2.167526   89.179871  -64.160156   3.043820
2.170026   89.051331  -51.416016   3.209949
2.172526   88.957397  -37.573242   3.296253
2.175026   88.902466  -21.972656   3.316331
2.177526   88.879395  -9.228516   3.303930
2.180026   88.899170  7.910156   3.231461
2.182526   88.956299  22.851563   3.122631
2.185026   89.041992  34.277344   2.981966
2.187526   89.155151  45.263672   2.787099
2.190026   89.299072  57.568359   2.506172
2.192526   89.461670  65.039063   2.148403
2.195026   89.640747  71.630859   1.691472
2.197526   89.833557  77.124023   1.139820
2.200027   90.045044  84.594727   0.494488
2.202527   90.257080  84.814453   -0.128659
2.205027   90.476807  87.890625   -0.713031
2.207527   90.686096  83.715820   -1.165054
2.210027   90.877258  76.464844   -1.484519
2.212527   91.052490  70.092773   -1.708704
2.215027   91.195862  57.348633   -1.833638
2.217527   91.301880  42.407227   -1.889463
2.220027   91.372192  28.125000   -1.903643
2.222527   91.401306  11.645508   -1.876022
2.225027   91.399658  -0.659180   -1.838243
2.227527   91.366150  -13.403320   -1.777384
2.230027   91.298035  -27.246094   -1.686809
2.232527   91.206299  -36.694336   -1.582882
2.235027   91.090942  -46.142578   -1.442148
2.237527   90.948120  -57.128906   -1.239603
2.240027   90.794861  -61.303711   -0.994964
2.242527   90.624023  -68.334961   -0.656458
2.245028   90.439453  -73.828125   -0.221149
2.247528   90.242249  -78.881836   0.317423
2.250028   90.045044  -78.881836   0.898184
2.252528   89.840149  -81.958008   1.516913
2.255028   89.642944  -78.881836   2.067035
2.257528   89.452881  -76.025391   2.532078
2.260028   89.274353  -71.411133   2.892397
2.262528   89.120544  -61.523438   3.132237
2.265028   88.999695  -48.339844   3.271052
2.267528   88.911804  -35.156250   3.342453
2.270028   88.865662  -18.457031   3.345403
2.272528   88.855225  -4.174805   3.313912
2.275028   88.885986  12.304688   3.232658
2.277528   88.954651  27.465820   3.111610
2.280028   89.050232  38.232422   2.960306
2.282528   89.173279  49.218750   2.748300
2.285028   89.325439  60.864258   2.447726
2.287529   89.495728  68.115234   2.063018
2.290029   89.679749  73.608398   1.582750
2.292529   89.881897  80.859375   0.990616
2.295029   90.095581  85.473633   0.341486
2.297529   90.310364  85.913086   -0.278816
2.300029   90.532837  88.989258   -0.847134
2.302529   90.741028  83.276367   -1.268101
2.305029   90.929443  75.366211   -1.559259
2.307529   91.100830  68.554688   -1.760588
2.310029   91.235413  53.833008   -1.861678
2.312529   91.333740  39.331055   -1.906012
2.315029   91.393066  23.730469   -1.905633
2.317529   91.415588  9.008789   -1.877587
2.320029   91.405151  -4.174805   -1.831367
2.322529   91.361206  -17.578125   -1.761709
2.325029   91.287598  -29.443359   -1.672430
2.327529   91.189819  -39.111328   -1.561223
2.330029   91.066772  -49.218750   -1.407437
2.332530   90.920105  -58.666992   -1.196869
2.335030   90.761353  -63.500977   -0.932037
2.337530   90.587219  -69.653320   -0.575263
2.340030   90.396057  -76.464844   -0.105928
2.342530   90.198853  -78.881836   0.442108
2.345030   89.998901  -79.980469   1.039053
2.347530   89.791809  -82.836914   1.659222
2.350030   89.596252  -78.222656   2.188169
2.352530   89.407837  -75.366211   2.630820
2.355030   89.232056  -70.312500   2.966925
2.357530   89.086487  -58.227539   3.175661
2.360030   88.973328  -45.263672   3.296489
2.362530   88.895325  -31.201172   3.349910
2.365030   88.857971  -14.941406   3.343065
2.367530   88.857971  0.000000   3.298622
2.370030   88.900269  16.918945   3.203715
2.372530   88.975525  30.102539   3.079129
2.375031   89.079346  41.528320   2.911048
2.377531   89.209534  52.075195   2.680997
2.380031   89.370483  64.379883   2.349058
2.382531   89.544617  69.653320   1.941905
2.385031   89.733032  75.366211   1.432042
2.387531   89.941772  83.496094   0.807304
2.390031   90.155457  85.473633   0.163875
2.392531   90.372437  86.791992   -0.447106
2.395031   90.593262  88.330078   -0.981075
2.397531   90.794861  80.639648   -1.358721
2.400031   90.978882  73.608398   -1.623553
2.402531   91.138733  63.940430   -1.791538
2.405031   91.263428  49.877930   -1.876528
2.407531   91.351318  35.156250   -1.907969
2.410031   91.395813  17.797852   -1.890460
2.412531   91.412292  6.591797   -1.868289
2.415031   91.393066  -7.690430   -1.812881
2.417531   91.338684  -21.752930   -1.733432
2.420032   91.258484  -32.080078   -1.641306
2.422532   91.151367  -42.846680   -1.514254
2.425032   91.021729  -51.855469   -1.347628
2.427532   90.870667  -60.424805   -1.119729
2.430032   90.708069  -65.039063   -0.830950
2.432532   90.529541  -71.411133   -0.442558
2.435032   90.333435  -78.442383   0.063263
2.437532   90.137878  -78.222656   0.619600
2.440032   89.936829  -80.419922   1.226603
2.442532   89.730835  -82.397461   1.832188
2.445032   89.538025  -77.124023   2.332689
2.447532   89.354004  -73.608398   2.740938
2.450032   89.184265  -67.895508   3.043940
2.452532   89.049133  -54.052734   3.218960
2.455032   88.945862  -41.308594   3.319486
2.457532   88.879395  -26.586914   3.354188
2.460032   88.853577  -10.327148   3.333907
2.462533   88.864563  4.394531   3.278688
2.465033   88.918945  21.752930   3.169039
2.467533   89.002441  33.398438   3.036457
2.470033   89.114502  44.824219   2.851168
2.472533   89.253479  55.590820   2.595570
2.475033   89.418274  65.917969   2.243881
2.477533   89.597351  71.630859   1.805117
2.480033   89.790710  77.343750   1.264196
2.482533   90.003296  85.034180   0.619613
2.485033   90.216980  85.473633   -0.015275
2.487533   90.437256  88.110352   -0.615788
2.490033   90.652039  85.913086   -1.100677
2.492533   90.848145  78.442383   -1.442631
2.495033   91.027771  71.850586   -1.682338
2.497533   91.178284  60.205078   -1.823092
2.500033   91.291992  45.483398   -1.889291
2.502533   91.368896  30.761719   -1.908622
2.505033   91.405151  14.501953   -1.887018
2.507534   91.410645  2.197266   -1.854070
2.510034   91.382080  -11.425781   -1.794357
2.512534   91.319458  -25.048828   -1.709677
2.515034   91.232666  -34.716797   -1.611964
2.517534   91.120605  -44.824219   -1.477598
2.520034   90.983826  -54.711914   -1.292974
2.522534   90.831116  -61.083984   -1.055823
2.525034   90.664673  -66.577148   -0.743230
2.527534   90.483398  -72.509766   -0.331609
2.530034   90.285645  -79.101563   0.195556
2.532534   90.090637  -78.002930   0.759788
2.535034   89.886841  -81.518555   1.377935
2.537534   89.686890  -79.980469   1.950096
2.540034   89.495178  -76.684570   2.435168
2.542534   89.315552  -71.850586   2.814571
2.545034   89.154053  -64.599609   3.086436
2.547534   89.026611  -50.976563   3.242249
2.550035   88.931580  -38.012695   3.327575
2.552535   88.879395  -20.874023   3.337992
2.555035   88.857971  -8.569336   3.324217
2.557535   88.879944  8.789063   3.249493
2.560035   88.940918  24.389648   3.136404
2.562535   89.030457  35.815430   2.993417
2.565035   89.146912  46.582031   2.796933
2.567535   89.293030  58.447266   2.515803
2.570035   89.460022  66.796875   2.148652
2.572535   89.640198  72.070313   1.692105
2.575035   89.835754  78.222656   1.131464
2.577535   90.047791  84.814453   0.485871
2.580035   90.260925  85.253906   -0.140199
2.582535   90.482300  88.549805   -0.727294
2.585035   90.689941  83.056641   -1.171475
2.587535   90.880005  76.025391   -1.487913
2.590035   91.054688  69.873047   -1.710866
2.592535   91.196411  56.689453   -1.832709
2.595036   91.300781  41.748047   -1.886953
2.597536   91.368347  27.026367   -1.897936
2.600036   91.396362  11.206055   -1.871495
2.602536   91.393616  -1.098633   -1.832936
2.605036   91.356262  -14.941406   -1.765909
2.607536   91.288147  -27.246094   -1.679013
2.610036   91.195313  -37.133789   -1.571595
2.612536   91.077759  -47.021484   -1.425309
2.615036   90.936584  -56.469727   -1.225094
2.617536   90.782227  -61.743164   -0.972392
2.620036   90.613037  -67.675781   -0.634639
2.622536   90.427917  -74.047852   -0.191789
2.625036   90.232910  -78.002930   0.342504
2.627536   90.036804  -78.442383   0.922181
2.630036   89.833557  -81.298828   1.535118
2.632536   89.638550  -78.002930   2.077144
2.635036   89.452332  -74.487305   2.530521
2.637537   89.277649  -69.873047   2.883281
2.640037   89.127136  -60.205078   3.119334
2.642537   89.009033  -47.241211   3.256379
2.645037   88.926086  -33.178711   3.321061
2.647537   88.881592  -17.797852   3.326791
2.650037   88.874451  -2.856445   3.290102
2.652537   88.909607  14.062500   3.201779
2.655037   88.978271  27.465820   3.083022
2.657537   89.073853  38.232422   2.927327
2.660037   89.197449  49.438477   2.707685
2.662537   89.350708  61.303711   2.396106
2.665037   89.519897  67.675781   2.006100
2.667537   89.702820  73.168945   1.520221
2.670037   89.903870  80.419922   0.925887
2.672537   90.113708  83.935547   0.289877
2.675037   90.324646  84.375000   -0.315396
2.677537   90.542725  87.231445   -0.867120
2.680037   90.743225  80.200195   -1.267039
2.682538   90.926147  73.168945   -1.550599
2.685038   91.090393  65.698242   -1.743469
2.687538   91.218384  51.196289   -1.840443
2.690038   91.310669  36.914063   -1.882227
2.692538   91.362854  20.874023   -1.876671
2.695038   91.382080  7.690430   -1.851415
2.697538   91.367249  -5.932617   -1.800394
2.700038   91.317810  -19.775391   -1.723442
2.702538   91.243103  -29.882813   -1.634143
2.705038   91.140930  -40.869141   -1.508654
2.707538   91.015686  -50.097656   -1.344250
2.710038   90.869568  -58.447266   -1.122277
2.712538   90.711914  -63.061523   -0.842269
2.715038   90.538330  -69.433594   -0.466504
2.717538   90.346619  -76.684570   0.024734
2.720038   90.154907  -76.684570   0.566685
2.722538   89.958801  -78.442383   1.157212
2.725039   89.757202  -80.639648   1.754791
2.727539   89.568237  -75.585938   2.254838
2.730039   89.388611  -71.850586   2.665599
2.732539   89.221069  -67.016602   2.979735
2.735039   89.085938  -54.052734   3.167125
2.737539   88.982666  -41.308594   3.275054
2.740039   88.914551  -27.246094   3.317811
2.742539   88.886536  -11.206055   3.302177
2.745039   88.894226  3.076172   3.251261
2.747539   88.944214  19.995117   3.145085
2.750039   89.023315  31.640625   3.014073
2.752539   89.130432  42.846680   2.831820
2.755039   89.265564  54.052734   2.576943
2.757539   89.424316  63.500977   2.235472
2.760039   89.597351  69.213867   1.809671
2.762539   89.785217  75.146484   1.283882
2.765039   89.991211  82.397461   0.660216
2.767540   90.199951  83.496094   0.036990
2.770040   90.413635  85.473633   -0.551990
2.772540   90.623474  83.935547   -1.038673
2.775040   90.814636  76.464844   -1.384853
2.777540   90.989319  69.873047   -1.630233
2.780040   91.137634  59.326172   -1.780732
2.782540   91.250793  45.263672   -1.854719
2.785040   91.326050  30.102539   -1.875687
2.787540   91.361755  14.282227   -1.856740
2.790040   91.367249  2.197266   -1.824726
2.792540   91.338684  -11.425781   -1.763508
2.795040   91.276611  -24.829102   -1.676437
2.797540   91.189819  -34.716797   -1.572831
2.800040   91.079956  -43.945313   -1.435371
2.802540   90.943176  -54.711914   -1.238234
2.805040   90.795410  -59.106445   -1.000657
2.807540   90.631714  -65.478516   -0.678208
2.810040   90.452637  -71.630859   -0.258078
2.812541   90.261475  -76.464844   0.258716
2.815041   90.070862  -76.245117   0.815973
2.817541   89.872559  -79.321289   1.416728
2.820041   89.678650  -77.563477   1.968494
2.822541   89.494080  -73.828125   2.432676
2.825041   89.321594  -68.994141   2.797307
2.827541   89.166687  -61.962891   3.060730
2.830041   89.046936  -47.900391   3.207593
2.832541   88.960144  -34.716797   3.285376
2.835041   88.912354  -19.116211   3.297157
2.837541   88.896973  -6.152344   3.275900
2.840041   88.923889  10.766602   3.195469
2.842541   88.986511  25.048828   3.079537
2.845041   89.076050  35.815430   2.930516
2.847541   89.191956  46.362305   2.724293
2.850041   89.339722  59.106445   2.423003
2.852541   89.501770  64.819336   2.055244
2.855042   89.679749  71.191406   1.587237
2.857542   89.873657  77.563477   1.020702
2.860042   90.079651  82.397461   0.394062
2.862542   90.287292  83.056641   -0.210569
2.865042   90.501526  85.693359   -0.768955
2.867542   90.702026  80.200195   -1.190116
2.870042   90.882751  72.290039   -1.485334
2.872542   91.047546  65.917969   -1.694739
2.875042   91.180481  53.173828   -1.809718
2.877542   91.276062  38.232422   -1.858100
2.880042   91.330994  21.972656   -1.856641
2.882542   91.356262  10.107422   -1.840517
2.885042   91.347473  -3.515625   -1.793481
2.887542   91.301331  -18.457031   -1.714464
2.890042   91.229919  -28.564453   -1.626217
2.892542   91.132141  -39.111328   -1.504089
2.895042   91.010193  -48.779297   -1.340483
2.897542   90.869019  -56.469727   -1.125749
2.900043   90.715210  -61.523438   -0.851685
2.902543   90.547119  -67.236328   -0.490790
2.905043   90.360352  -74.707031   -0.015402
2.907543   90.171936  -75.366211   0.514387
2.910043   89.979126  -77.124023   1.093751
2.912543   89.781372  -79.101563   1.683091
2.915043   89.595154  -74.487305   2.184399
2.917543   89.417725  -70.971680   2.601197
2.920043   89.252930  -65.917969   2.921027
2.922543   89.116699  -54.492188   3.122681
2.925043   89.012329  -41.748047   3.238509
2.927543   88.944763  -27.026367   3.282633
2.930043   88.912354  -12.963867   3.279197
2.932543   88.916199  1.538086   3.231672
2.935043   88.962891  18.676758   3.126705
2.937543   89.037048  29.663086   3.001149
2.940043   89.138123  40.429688   2.826009
2.942544   89.268860  52.294922   2.574858
2.945044   89.422668  61.523438   2.243167
2.947544   89.590759  67.236328   1.830397
2.950044   89.773132  72.949219   1.322521
2.952544   89.975281  80.859375   0.710706
2.955044   90.178528  81.298828   0.102850
2.957544   90.387817  83.715820   -0.482648
2.960044   90.595459  83.056641   -0.977700
2.962544   90.785522  76.025391   -1.334857
2.965044   90.956360  68.334961   -1.583530
2.967544   91.105774  59.765625   -1.748067
2.970044   91.219482  45.483398   -1.827786
2.972544   91.295837  30.541992   -1.853557
2.975044   91.332642  14.721680   -1.836877
2.977544   91.340332  3.076172   -1.808005
2.980044   91.312317  -11.206055   -1.744251
2.982544   91.252991  -23.730469   -1.659771
2.985044   91.167847  -34.057617   -1.553393
2.987545   91.059631  -43.286133   -1.413680
2.990045   90.925598  -53.613281   -1.215990
2.992545   90.780579  -58.007813   -0.977503
2.995045   90.619629  -64.379883   -0.655130
2.997545   90.443298  -70.532227   -0.236894
3.000045   90.255432  -75.146484   0.273490
3.002545   90.066467  -75.585938   0.828044
3.005045   89.872559  -77.563477   1.413761
3.007545   89.681396  -76.464844   1.959130
3.010045   89.501770  -71.850586   2.410852
3.012545   89.332031  -67.895508   2.774531
3.015045   89.181519  -60.205078   3.032807
3.017545   89.064514  -46.801758   3.180625
3.020045   88.981018  -33.398438   3.256424
3.022545   88.934326  -18.676758   3.271002
3.025045   88.922241  -4.833984   3.243951
3.027545   88.945862  9.448242   3.174041
3.030046   89.012329  26.586914   3.042345
3.032546   89.101868  35.815430   2.893014
3.035046   89.218323  46.582031   2.678835
3.037546   89.363342  58.007813   2.377230
3.040046   89.524292  64.379883   2.002002
3.042546   89.699524  70.092773   1.535032
3.045046   89.891235  76.684570   0.969931
3.047546   90.092834  80.639648   0.357466
3.050046   90.296631  81.518555   -0.233978
3.052546   90.506470  83.935547   -0.777913
3.055046   90.703674  78.881836   -1.191069
3.057546   90.880554  70.751953   -1.479166
3.060046   91.040405  63.940430   -1.682272
3.062546   91.166748  50.537109   -1.790288
3.065046   91.258484  36.694336   -1.839481
3.067546   91.310120  20.654297   -1.836988
3.070046   91.329895  7.910156   -1.814693
3.072546   91.316162  -5.493164   -1.764204
3.075047   91.267822  -19.335938   -1.684832
3.077547   91.193665  -29.663086   -1.590093
3.080047   91.094788  -39.550781   -1.462976
3.082547   90.971191  -49.438477   -1.288473
3.085047   90.831665  -55.810547   -1.068106
3.087547   90.677856  -61.523438   -0.779668
3.090047   90.508667  -67.675781   -0.400977
3.092547   90.323547  -74.047852   0.082407
3.095047   90.138428  -74.047852   0.610670
3.097547   89.949463  -75.585938   1.180374
3.100047   89.754456  -78.002930   1.758179
3.102547   89.572083  -72.949219   2.240428
3.105047   89.400146  -68.774414   2.635162
3.107547   89.241394  -63.500977   2.936884
3.110047   89.112305  -51.635742   3.122760
3.112547   89.015076  -38.891602   3.227639
3.115047   88.956848  -23.291016   3.257822
3.117548   88.929382  -10.986328   3.254150
3.120048   88.941467  4.833984   3.192924
3.122548   88.993103  20.654297   3.083748
3.125048   89.070557  30.981445   2.951277
3.127548   89.176025  42.187500   2.760998
3.130048   89.311157  54.052734   2.490632
3.132548   89.464417  61.303711   2.149750
3.135048   89.632507  67.236328   1.721688
3.137548   89.815979  73.388672   1.197827
3.140048   90.015930  79.980469   0.589622
3.142548   90.216980  80.419922   -0.007231
3.145048   90.424622  83.056641   -0.576179
3.147548   90.626221  80.639648   -1.039129
3.150048   90.809143  73.168945   -1.369852
3.152548   90.973938  65.917969   -1.602407
3.155048   91.115112  56.469727   -1.750951
3.157548   91.220581  42.187500   -1.820594
3.160048   91.288147  27.026367   -1.837711
3.162549   91.318359  12.084961   -1.818348
3.165049   91.317810  -0.219727   -1.781242
3.167549   91.281555  -14.501953   -1.710180
3.170049   91.218384  -25.268555   -1.625067
3.172549   91.128845  -35.815430   -1.509235
3.175049   91.014038  -45.922852   -1.352163
3.177549   90.880005  -53.613281   -1.148946
3.180049   90.733337  -58.666992   -0.891519
3.182549   90.570190  -65.258789   -0.546457
3.185049   90.392212  -71.191406   -0.105528
3.187549   90.206543  -74.267578   0.411761
3.190049   90.019226  -74.926758   0.969024
3.192549   89.825867  -77.343750   1.551011
3.195049   89.641846  -73.608398   2.060652
3.197549   89.466064  -70.312500   2.491483
3.200049   89.303467  -65.039063   2.824851
3.202549   89.162292  -56.469727   3.056037
3.205050   89.054626  -43.066406   3.185180
3.207550   88.981018  -29.443359   3.245667
3.210050   88.945862  -14.062500   3.244129
3.212550   88.942566  -1.318359   3.210080
3.215050   88.981018  15.380859   3.114156
3.217550   89.047485  26.586914   2.995495
3.220050   89.142517  38.012695   2.825365
3.222550   89.264465  48.779297   2.591172
3.225050   89.411682  58.886719   2.272801
3.227550   89.572083  64.160156   1.884069
3.230050   89.747864  70.312500   1.399409
3.232550   89.942322  77.783203   0.815069
3.235050   90.140625  79.321289   0.217533
3.237550   90.341125  80.200195   -0.353257
3.240050   90.547119  82.397461   -0.869589
3.242550   90.736084  75.585938   -1.246088
3.245050   90.904724  67.456055   -1.508897
3.247550   91.055786  60.424805   -1.693192
3.250051   91.172791  46.801758   -1.787306
3.252551   91.254639  32.739258   -1.825709
3.255051   91.296387  16.699219   -1.814803
3.257551   91.308472  4.833984   -1.789176
3.260051   91.285950  -9.008789   -1.729960
3.262551   91.231018  -21.972656   -1.645686
3.265051   91.150269  -32.299805   -1.540607
3.267551   91.046448  -41.528320   -1.402573
3.270051   90.917358  -51.635742   -1.208707
3.272551   90.776733  -56.250000   -0.974646
3.275051   90.620178  -62.622070   -0.659845
3.277551   90.448242  -68.774414   -0.252529
3.280051   90.263123  -74.047852   0.249848
3.282551   90.079651  -73.388672   0.784587
3.285051   89.889587  -76.025391   1.360487
3.287551   89.701172  -75.366211   1.902913
3.290051   89.524292  -70.751953   2.354718
3.292552   89.358398  -66.357422   2.718185
3.295052   89.209534  -59.545898   2.984311
3.297552   89.093628  -46.362305   3.137889
3.300052   89.009583  -33.618164   3.220878
3.302552   88.962891  -18.676758   3.237355
3.305052   88.949707  -5.273438   3.213524
3.307552   88.972229  9.008789   3.143778
3.310052   89.033203  24.389648   3.020995
3.312552   89.119446  34.497070   2.870177
3.315052   89.232605  45.263672   2.657061
3.317552   89.373230  56.250000   2.360543
3.320052   89.529236  62.402344   1.994022
3.322552   89.698425  67.675781   1.542693
3.325052   89.884644  74.487305   0.993425
3.327552   90.082947  79.321289   0.389232
3.330052   90.281250  79.321289   -0.187628
3.332552   90.487244  82.397461   -0.729700
3.335052   90.678406  76.464844   -1.137911
3.337553   90.851990  69.433594   -1.432492
3.340053   91.007446  62.182617   -1.638145
3.342553   91.134888  50.976563   -1.759244
3.345053   91.226074  36.474609   -1.810801
3.347553   91.276611  20.214844   -1.809052
3.350053   91.298584  8.789063   -1.793238
3.352553   91.286499  -4.833984   -1.742857
3.355053   91.239258  -18.896484   -1.661753
3.357553   91.166199  -29.223633   -1.564863
3.360053   91.068970  -38.891602   -1.435611
3.362553   90.946472  -48.999023   -1.255960
3.365053   90.810242  -54.492188   -1.035768
3.367553   90.658081  -60.864258   -0.741595
3.370053   90.491089  -66.796875   -0.360918
3.372553   90.308716  -72.949219   0.121000
3.375053   90.127441  -72.509766   0.640444
3.377553   89.940674  -74.707031   1.205263
3.380054   89.750610  -76.025391   1.765677
3.382554   89.572632  -71.191406   2.235803
3.385054   89.405090  -67.016602   2.621100
3.387554   89.251282  -61.523438   2.915037
3.390054   89.126587  -49.877930   3.097004
3.392554   89.034302  -36.914063   3.197078
3.395054   88.982117  -20.874023   3.220187
3.397554   88.957397  -9.887695   3.218147
3.400054   88.972778  6.152344   3.151601
3.402554   89.023865  20.434570   3.044676
3.405054   89.102417  31.420898   2.903974
3.407554   89.207336  41.967773   2.709148
3.410054   89.342468  54.052734   2.428604
3.412554   89.491333  59.545898   2.090874
3.415054   89.657227  66.357422   1.657497
3.417554   89.837402  72.070313   1.137541
3.420054   90.032959  78.222656   0.541267
3.422554   90.229614  78.662109   -0.040559
3.425055   90.431763  80.859375   -0.590651
3.427555   90.626221  77.783203   -1.034314
3.430055   90.804199  71.191406   -1.357919
3.432555   90.961853  63.061523   -1.580468
3.435055   91.097534  54.272461   -1.727050
3.437555   91.196960  39.770508   -1.792809
3.440055   91.256836  23.950195   -1.803253
3.442555   91.285950  11.645508   -1.791631
3.445055   91.282104  -1.538086   -1.749172
3.447555   91.244202  -15.161133   -1.676922
3.450055   91.176086  -27.246094   -1.579977
3.452555   91.084900  -36.474609   -1.459960
3.455055   90.968445  -46.582031   -1.291611
3.457555   90.836060  -52.954102   -1.081632
3.460055   90.689941  -58.447266   -0.809833
3.462555   90.527344  -65.039063   -0.449770
3.465055   90.349365  -71.191406   0.007497
3.467556   90.168640  -72.290039   0.518514
3.470056   89.984619  -73.608398   1.071002
3.472556   89.794006  -76.245117   1.641783
3.475056   89.616028  -71.191406   2.124278
3.477556   89.446838  -67.675781   2.530205
3.480056   89.291931  -61.962891   2.840612
3.482556   89.159546  -52.954102   3.052527
3.485056   89.062317  -38.891602   3.163875
3.487556   88.998047  -25.708008   3.213921
3.490056   88.971130  -10.766602   3.204173
3.492556   88.976624  2.197266   3.158720
3.495056   89.021118  17.797852   3.055906
3.497556   89.093628  29.003906   2.923505
3.500056   89.190857  38.891602   2.744853
3.502556   89.318848  51.196289   2.482160
3.505056   89.463867  58.007813   2.158038
3.507556   89.624268  64.160156   1.749525
3.510056   89.798401  69.653320   1.255860
3.512557   89.991760  77.343750   0.666948
3.515057   90.185120  77.343750   0.090260
3.517557   90.384521  79.760742   -0.467631
3.520057   90.581177  78.662109   -0.939392
3.522557   90.760803  71.850586   -1.284024
3.525057   90.920105  63.720703   -1.523737
3.527557   91.060730  56.250000   -1.689922
3.530057   91.166199  42.187500   -1.769472
3.532557   91.237610  28.564453   -1.799644
3.535057   91.268921  12.524414   -1.780295
3.537557   91.271667  1.098633   -1.748521
3.540057   91.240356  -12.524414   -1.681339
3.542557   91.178833  -24.609375   -1.590011
3.545057   91.093140  -34.277344   -1.474941
3.547557   90.982178  -44.384766   -1.315164
3.550057   90.853638  -51.416016   -1.113186
3.552557   90.711914  -56.689453   -0.855794
3.555058   90.554260  -63.061523   -0.515271
3.557558   90.380676  -69.433594   -0.078736
3.560058   90.201050  -71.850586   0.423248
3.562558   90.019226  -72.729492   0.965075
3.565058   89.832458  -74.707031   1.527074
3.567558   89.653381  -71.630859   2.026221
3.570058   89.484192  -67.675781   2.444379
3.572558   89.328735  -62.182617   2.769587
3.575058   89.191956  -54.711914   3.003448
3.577558   89.090332  -40.649414   3.128442
3.580058   89.019470  -28.344727   3.193617
3.582558   88.987061  -12.963867   3.191005
3.585058   88.987061  0.000000   3.152363
3.587558   89.022766  14.282227   3.064015
3.590058   89.091431  27.465820   2.930977
3.592558   89.183716  36.914063   2.761879
3.595058   89.305115  48.559570   2.515107
3.597558   89.445740  56.250000   2.203122
3.600059   89.602295  62.622070   1.809964
3.602559   89.771484  67.675781   1.337194
3.605059   89.960449  75.585938   0.764357
3.607559   90.151062  76.245117   0.192012
3.610059   90.345520  77.783203   -0.360992
3.612559   90.543274  79.101563   -0.855398
3.615059   90.722900  71.850586   -1.214929
3.617559   90.883301  64.160156   -1.470454
3.620059   91.026672  57.348633   -1.651713
3.622559   91.136536  43.945313   -1.744000
3.625059   91.212891  30.541992   -1.783016
3.627559   91.249695  14.721680   -1.770549
3.630059   91.257385  3.076172   -1.742506
3.632559   91.231567  -10.327148   -1.680133
3.635059   91.173889  -23.071289   -1.589585
3.637559   91.092590  -32.519531   -1.479052
3.640059   90.985474  -42.846680   -1.323297
3.642560   90.860779  -49.877930   -1.127971
3.645060   90.722900  -55.151367   -0.879855
3.647560   90.567993  -61.962891   -0.548297
3.650060   90.398254  -67.895508   -0.127460
3.652560   90.220825  -70.971680   0.364552
3.655060   90.042297  -71.411133   0.893136
3.657560   89.858276  -73.608398   1.449091
3.660060   89.679749  -71.411133   1.954509
3.662560   89.512207  -67.016602   2.376692
3.665060   89.356750  -62.182617   2.713073
3.667560   89.218323  -55.371094   2.960024
3.670060   89.113403  -41.967773   3.097667
3.672560   89.039795  -29.443359   3.169580
3.675060   89.005737  -13.623047   3.169276
3.677560   89.000793  -1.977539   3.140954
3.680060   89.031555  12.304688   3.058171
3.682560   89.094727  25.268555   2.932308
3.685061   89.183167  35.375977   2.766840
3.687561   89.300720  47.021484   2.527262
3.690061   89.437500  54.711914   2.225046
3.692561   89.590210  61.083984   1.844290
3.695061   89.755554  66.137695   1.385678
3.697561   89.940674  74.047852   0.826585
3.700061   90.129639  75.585938   0.256502
3.702561   90.320801  76.464844   -0.291843
3.705061   90.517456  78.662109   -0.795084
3.707561   90.696533  71.630859   -1.164500
3.710061   90.857483  64.379883   -1.431186
3.712561   90.999207  56.689453   -1.615923
3.715061   91.114014  45.922852   -1.725249
3.717561   91.192017  31.201172   -1.765472
3.720061   91.231018  15.600586   -1.756858
3.722561   91.242554  4.614258   -1.734405
3.725061   91.218933  -9.448242   -1.671455
3.727561   91.165649  -21.313477   -1.586547
3.730062   91.087646  -31.201172   -1.477128
3.732562   90.983276  -41.748047   -1.323191
3.735062   90.861877  -48.559570   -1.132807
3.737562   90.726196  -54.272461   -0.887976
3.740062   90.574036  -60.864258   -0.563986
3.742562   90.407043  -66.796875   -0.152246
3.745062   90.231812  -70.092773   0.331409
3.747562   90.056030  -70.312500   0.849774
3.750062   89.873657  -72.949219   1.402338
3.752562   89.696777  -70.751953   1.906605
3.755062   89.530334  -66.577148   2.331966
3.757562   89.376526  -61.523438   2.670718
3.760062   89.238647  -55.151367   2.923851
3.762562   89.132080  -42.626953   3.070890
3.765062   89.057922  -29.663086   3.145345
3.767562   89.021118  -14.721680   3.152508
3.770062   89.013428  -3.076172   3.127975
3.772563   89.041992  11.425781   3.046722
3.775063   89.102417  24.169922   2.924080
3.777563   89.188660  34.497070   2.760050
3.780063   89.301819  45.263672   2.529435
3.782563   89.435852  53.613281   2.231208
3.785063   89.585266  59.765625   1.859725
3.787563   89.747864  65.039063   1.409691
3.790063   89.929138  72.509766   0.864018
3.792563   90.115356  74.487305   0.300878
3.795063   90.303223  75.146484   -0.241334
3.797563   90.497131  77.563477   -0.745284
3.800063   90.675110  71.191406   -1.121883
3.802563   90.836609  64.599609   -1.398473
3.805063   90.976135  55.810547   -1.584010
3.807563   91.091492  46.142578   -1.701286
3.810063   91.170593  31.640625   -1.746125
3.812563   91.211243  16.259766   -1.741023
3.815063   91.224976  5.493164   -1.721564
3.817564   91.204651  -8.129883   -1.662343
3.820064   91.151917  -21.093750   -1.573502
3.822564   91.076660  -30.102539   -1.467779
3.825064   90.974487  -40.869141   -1.313843
3.827564   90.855835  -47.460938   -1.125984
3.830064   90.722351  -53.393555   -0.882793
3.832564   90.572937  -59.765625   -0.563878
3.835064   90.409790  -65.258789   -0.162353
3.837564   90.236206  -69.433594   0.317607
3.840064   90.063171  -69.213867   0.826233
3.842564   89.883545  -71.850586   1.370941
3.845064   89.707764  -70.312500   1.875412
3.847564   89.544617  -65.258789   2.294279
3.850064   89.392456  -60.864258   2.635659
3.852564   89.257874  -53.833008   2.886269
3.855064   89.150757  -42.846680   3.042247
3.857564   89.077148  -29.443359   3.117668
3.860065   89.040894  -14.501953   3.125459
3.862565   89.033752  -2.856445   3.100477
3.865065   89.060669  10.766602   3.022981
3.867565   89.119446  23.510742   2.900430
3.870065   89.202942  33.398438   2.738967
3.872565   89.315002  44.824219   2.504960
3.875065   89.445740  52.294922   2.212054
3.877565   89.591858  58.447266   1.845690
3.880065   89.751709  63.940430   1.401007
3.882565   89.929688  71.191406   0.864816
3.885065   90.112610  73.168945   0.311438
3.887565   90.296631  73.608398   -0.220373
3.890065   90.486694  76.025391   -0.717632
3.892565   90.661926  70.092773   -1.093550
3.895065   90.819580  63.061523   -1.367579
3.897565   90.955261  54.272461   -1.552554
3.900065   91.070068  45.922852   -1.676624
3.902565   91.146423  30.541992   -1.719078
3.905066   91.187622  16.479492   -1.719667
3.907566   91.199158  4.614258   -1.695384
3.910066   91.179932  -7.690430   -1.640362
3.912566   91.126648  -21.313477   -1.546928
3.915066   91.050842  -30.322266   -1.437303
3.917566   90.950317  -40.209961   -1.282922
3.920066   90.833313  -46.801758   -1.091664
3.922566   90.702026  -52.514648   -0.846358
3.925066   90.554810  -58.886719   -0.525292
3.927566   90.392761  -64.819336   -0.119312
3.930066   90.223022  -67.895508   0.352370
3.932566   90.052185  -68.334961   0.857545
3.935066   89.876953  -70.092773   1.387224
3.937566   89.705566  -68.554688   1.878130
3.940066   89.546265  -63.720703   2.287082
3.942566   89.399048  -58.886719   2.617329
3.945066   89.269409  -51.855469   2.860556
3.947567   89.165588  -41.528320   3.015198
3.950067   89.095825  -27.905273   3.086396
3.952567   89.060669  -14.062500   3.097001
3.955067   89.056824  -1.538086   3.065074
3.957567   89.086487  11.865234   2.983054
3.960067   89.146362  23.950195   2.857599
3.962567   89.230957  33.837891   2.689326
3.965067   89.343567  45.043945   2.447674
3.967567   89.474304  52.294922   2.146765
3.970067   89.618225  57.568359   1.779276
3.972567   89.776428  63.281250   1.331824
3.975067   89.952209  70.312500   0.798800
3.977567   90.130737  71.411133   0.260826
3.980067   90.311462  72.290039   -0.258809
3.982567   90.497131  74.267578   -0.739471
3.985067   90.665771  67.456055   -1.096163
3.987567   90.817932  60.864258   -1.360276
3.990067   90.947571  51.855469   -1.536486
3.992568   91.054688  42.846680   -1.651184
3.995068   91.127747  29.223633   -1.696229
3.997568   91.162903  14.062500   -1.688645
4.000068   91.170044  2.856445   -1.662341
4.002568   91.145874  -9.667969   -1.600814
4.005068   91.092041  -21.533203   -1.509032
4.007568   91.012390  -31.860352   -1.386363
4.010068   90.911865  -40.209961   -1.228631
4.012568   90.797607  -45.703125   -1.035136
4.015068   90.665771  -52.734375   -0.774906
4.017568   90.519104  -58.666992   -0.443899
4.020068   90.357056  -64.819336   -0.025399
4.022568   90.192810  -65.698242   0.435308
4.025068   90.024719  -67.236328   0.938078
4.027568   89.852783  -68.774414   1.456256
4.030068   89.687988  -65.917969   1.921364
4.032568   89.534180  -61.523438   2.312254
4.035069   89.393555  -56.250000   2.623314
4.037569   89.271057  -48.999023   2.850794
4.040069   89.175476  -38.232422   2.990648
4.042569   89.114502  -24.389648   3.048785
4.045069   89.085388  -11.645508   3.054784
4.047569   89.087585  0.878906   3.014222
4.050069   89.123840  14.501953   2.919778
4.052569   89.183716  23.950195   2.797293
4.055069   89.273254  35.815430   2.607541
4.057569   89.384216  44.384766   2.365318
4.060069   89.512207  51.196289   2.059884
4.062569   89.655029  57.128906   1.682677
4.065069   89.811035  62.402344   1.233595
4.067569   89.984619  69.433594   0.702879
4.070069   90.158203  69.433594   0.183464
4.072569   90.333984  70.312500   -0.316439
4.075069   90.513062  71.630859   -0.772288
4.077569   90.675110  64.819336   -1.109482
4.080070   90.819031  57.568359   -1.355004
4.082570   90.940979  48.779297   -1.520132
4.085070   91.040405  39.770508   -1.626433
4.087570   91.104126  25.488281   -1.660658
4.090070   91.135437  12.524414   -1.656366
4.092570   91.136536  0.439453   -1.621466
4.095070   91.109070  -10.986328   -1.558386
4.097570   91.048645  -24.169922   -1.451828
4.100070   90.965698  -33.178711   -1.322253
4.102570   90.865723  -39.990234   -1.159978
4.105070   90.750366  -46.142578   -0.951336
4.107570   90.618530  -52.734375   -0.677926
4.110070   90.472961  -58.227539   -0.334888
4.112570   90.312012  -64.379883   0.095446
4.115070   90.151611  -64.160156   0.552808
4.117570   89.988464  -65.258789   1.043437
4.120070   89.818726  -67.895508   1.554511
4.122571   89.661072  -63.061523   1.988724
4.125071   89.514404  -58.666992   2.354143
4.127571   89.382568  -52.734375   2.638680
4.130071   89.269958  -45.043945   2.843243
4.132571   89.184265  -34.277344   2.965749
4.135071   89.133728  -20.214844   3.007533
4.137571   89.114502  -7.690430   3.000093
4.140071   89.126587  4.833984   2.944259
4.142571   89.165588  15.600586   2.850997
4.145071   89.232605  26.806641   2.705657
4.147571   89.325989  37.353516   2.502348
4.150071   89.438049  44.824219   2.247155
4.152571   89.566040  51.196289   1.927582
4.155071   89.706665  56.250000   1.543732
4.157571   89.864319  63.061523   1.075756
4.160071   90.031860  67.016602   0.565175
4.162571   90.201599  67.895508   0.059731
4.165071   90.372986  68.554688   -0.417165
4.167572   90.542725  67.895508   -0.833772
4.170072   90.695435  61.083984   -1.141472
4.172572   90.829468  53.613281   -1.363281
4.175072   90.939880  44.165039   -1.507384
4.177572   91.027771  35.156250   -1.599080
4.180072   91.078857  20.434570   -1.618291
4.182572   91.103027  9.667969   -1.613545
4.185072   91.094788  -3.295898   -1.565755
4.187572   91.056335  -15.380859   -1.486208
4.190072   90.990967  -26.147461   -1.374856
4.192572   90.905823  -34.057617   -1.235917
4.195072   90.804749  -40.429688   -1.060395
4.197572   90.686646  -47.241211   -0.829061
4.200072   90.553711  -53.173828   -0.535493
4.202572   90.406494  -58.886719   -0.167152
4.205072   90.250488  -62.402344   0.262966
4.207572   90.093933  -62.622070   0.720915
4.210073   89.934082  -63.940430   1.204438
4.212573   89.772583  -64.599609   1.681415
4.215073   89.624817  -59.106445   2.076898
4.217573   89.487488  -54.931641   2.409846
4.220073   89.368286  -47.680664   2.656669
4.222573   89.268860  -39.770508   2.831991
4.225073   89.196899  -28.784180   2.929700
4.227573   89.159546  -14.941406   2.951554
4.230073   89.151306  -3.295898   2.930108
4.232573   89.174927  9.448242   2.853954
4.235073   89.222717  19.116211   2.744866
4.237573   89.299072  30.541992   2.572997
4.240073   89.395752  38.671875   2.355263
4.242573   89.509460  45.483398   2.080143
4.245073   89.638000  51.416016   1.741044
4.247573   89.779175  56.469727   1.338472
4.250073   89.937927  63.500977   0.855166
4.252573   90.099976  64.819336   0.365160
4.255074   90.263123  65.258789   -0.110868
4.257574   90.430115  66.796875   -0.561041
4.260074   90.586670  62.622070   -0.921166
4.262574   90.726746  56.030273   -1.189824
4.265074   90.847046  48.120117   -1.378703
4.267574   90.943176  38.452148   -1.497460
4.270074   91.014038  28.344727   -1.563618
4.272574   91.052490  15.380859   -1.573208
4.275074   91.061279  3.515625   -1.548258
4.277574   91.041504  -7.910156   -1.490734
4.280074   90.988220  -21.313477   -1.384995
4.282574   90.916260  -28.784180   -1.265423
4.285074   90.827820  -35.375977   -1.111765
4.287574   90.721252  -42.626953   -0.906543
4.290074   90.599854  -48.559570   -0.647939
4.292574   90.464722  -54.052734   -0.324043
4.295074   90.315857  -59.545898   0.074836
4.297575   90.166992  -59.545898   0.497955
4.300075   90.014282  -61.083984   0.957020
4.302575   89.858826  -62.182617   1.425181
4.305075   89.709412  -59.765625   1.849560
4.307575   89.574280  -54.052734   2.196123
4.310075   89.450684  -49.438477   2.482007
4.312575   89.347961  -41.088867   2.682055
4.315075   89.267212  -32.299805   2.815310
4.317575   89.215576  -20.654297   2.874907
4.320075   89.195251  -8.129883   2.872791
4.322575   89.204590  3.735352   2.821492
4.325075   89.240295  14.282227   2.727965
4.327575   89.302368  24.829102   2.582537
4.330075   89.386414  33.618164   2.388465
4.332575   89.486389  39.990234   2.148597
4.335075   89.602295  46.362305   1.846636
4.337575   89.732483  52.075195   1.481121
4.340075   89.877502  58.007813   1.047366
4.342576   90.031860  61.743164   0.575875
4.345076   90.187317  62.182617   0.112722
4.347576   90.343872  62.622070   -0.327849
4.350076   90.500977  62.841797   -0.726512
4.352576   90.641052  56.030273   -1.022182
4.355076   90.764099  49.218750   -1.241973
4.357576   90.864075  39.990234   -1.385247
4.360076   90.941528  30.981445   -1.475263
4.362576   90.988770  18.896484   -1.504668
4.365076   91.009644  8.349609   -1.500296
4.367576   91.000305  -3.735352   -1.452297
4.370076   90.959106  -16.479492   -1.360364
4.372576   90.899231  -23.950195   -1.254089
4.375076   90.820679  -31.420898   -1.110681
4.377576   90.725098  -38.232422   -0.924960
4.380076   90.613586  -44.604492   -0.686859
4.382576   90.489441  -49.658203   -0.394132
4.385077   90.348816  -56.250000   -0.021551
4.387577   90.208191  -56.250000   0.370816
4.390077   90.063721  -57.788086   0.801148
4.392577   89.917603  -58.447266   1.242287
4.395077   89.771484  -58.447266   1.671652
4.397577   89.640198  -52.514648   2.021551
4.400077   89.520447  -47.900391   2.314964
4.402577   89.418823  -40.649414   2.531355
4.405077   89.336426  -32.958984   2.683997
4.407577   89.280396  -22.412109   2.763284
4.410077   89.251831  -11.425781   2.783875
4.412577   89.253479  0.659180   2.744811
4.415077   89.281494  11.206055   2.661664
4.417577   89.334778  21.313477   2.528952
4.420077   89.407837  29.223633   2.354508
4.422577   89.497925  36.035156   2.131696
4.425077   89.603394  42.187500   1.854134
4.427577   89.722046  47.460938   1.521275
4.430078   89.854980  53.173828   1.124859
4.432578   89.999451  57.788086   0.682002
4.435078   90.145569  58.447266   0.243094
4.437578   90.291138  58.227539   -0.174490
4.440078   90.439453  59.326172   -0.569114
4.442578   90.576233  54.711914   -0.881180
4.445078   90.695435  47.680664   -1.111188
4.447578   90.794861  39.770508   -1.272063
4.450078   90.870667  30.322266   -1.369765
4.452578   90.920105  19.775391   -1.413508
4.455078   90.943726  9.448242   -1.416511
4.457578   90.939880  -1.538086   -1.378302
4.460078   90.911316  -11.425781   -1.308150
4.462578   90.853638  -23.071289   -1.187007
4.465078   90.783325  -28.125000   -1.056685
4.467578   90.694885  -35.375977   -0.875154
4.470078   90.592163  -41.088867   -0.649775
4.472579   90.475708  -46.582031   -0.368385
4.475079   90.345520  -52.075195   -0.022182
4.477579   90.214233  -52.514648   0.344943
4.480079   90.080750  -53.393555   0.740266
4.482579   89.943970  -54.711914   1.154917
4.485079   89.807739  -54.492188   1.558283
4.487579   89.684143  -49.438477   1.895868
4.490079   89.572632  -44.604492   2.177867
4.492579   89.477051  -38.232422   2.393639
4.495079   89.402893  -29.663086   2.536809
4.497579   89.349060  -21.533203   2.626692
4.500079   89.322693  -10.546875   2.647377
4.502579   89.323242  0.219727   2.614128
4.505079   89.348511  10.107422   2.534020
4.507579   89.396851  19.335938   2.406107
4.510079   89.462219  26.147461   2.241828
4.512579   89.545166  33.178711   2.024963
4.515079   89.641296  38.452148   1.764220
4.517580   89.749512  43.286133   1.454213
4.520080   89.873657  49.658203   1.077744
4.522580   90.006042  52.954102   0.672941
4.525080   90.139526  53.393555   0.272196
4.527580   90.274109  53.833008   -0.117257
4.530080   90.408142  53.613281   -0.477106
4.532580   90.533936  50.317383   -0.775824
4.535080   90.643250  43.725586   -0.997659
4.537580   90.732788  35.815430   -1.151657
4.540080   90.802551  27.905273   -1.253311
4.542580   90.844299  16.699219   -1.289825
4.545080   90.864624  8.129883   -1.296502
4.547580   90.859680  -1.977539   -1.258542
4.550080   90.831116  -11.425781   -1.184866
4.552580   90.777832  -21.313477   -1.066372
4.555080   90.711365  -26.586914   -0.930639
4.557580   90.628418  -33.178711   -0.747579
4.560081   90.532837  -38.232422   -0.524514
4.562581   90.423523  -43.725586   -0.245915
4.565081   90.304321  -47.680664   0.079466
4.567581   90.184570  -47.900391   0.420051
4.570081   90.062622  -48.779297   0.783858
4.572581   89.940125  -48.999023   1.153225
4.575081   89.817627  -48.999023   1.516744
4.577581   89.707764  -43.945313   1.817483
4.580081   89.612183  -38.232422   2.060189
4.582581   89.531982  -32.080078   2.246363
4.585081   89.470459  -24.609375   2.371862
4.587581   89.428711  -16.699219   2.443565
4.590081   89.412231  -6.591797   2.449873
4.592581   89.418823  2.636719   2.407833
4.595081   89.445740  10.766602   2.323751
4.597581   89.494080  19.335938   2.187101
4.600081   89.556152  24.829102   2.020715
4.602582   89.631409  30.102539   1.812722
4.605082   89.720398  35.595703   1.555933
4.607582   89.820923  40.209961   1.256364
4.610082   89.935181  45.703125   0.903519
4.612582   90.051086  46.362305   0.552865
4.615082   90.169189  47.241211   0.199310
4.617582   90.286194  46.801758   -0.134466
4.620082   90.402100  46.362305   -0.444478
4.622582   90.508118  42.407227   -0.696456
4.625082   90.597107  35.595703   -0.879708
4.627582   90.670166  29.223633   -1.013865
4.630082   90.716309  18.457031   -1.072636
4.632582   90.749268  13.183594   -1.117980
4.635082   90.758057  3.515625   -1.104995
4.637582   90.744324  -5.493164   -1.053245
4.640082   90.710815  -13.403320   -0.967553
4.642582   90.660828  -19.995117   -0.850754
4.645082   90.594910  -26.367188   -0.695161
4.647583   90.518555  -30.541992   -0.511944
4.650083   90.427917  -36.254883   -0.276218
4.652583   90.327942  -39.990234   -0.004269
4.655083   90.226318  -40.649414   0.281355
4.657583   90.121948  -41.748047   0.589261
4.660083   90.016479  -42.187500   0.906543
4.662583   89.913208  -41.308594   1.214995
4.665083   89.813232  -39.990234   1.507249
4.667583   89.726990  -34.497070   1.739513
4.670083   89.655029  -28.784180   1.921485
4.672583   89.596802  -23.291016   2.059247
4.675083   89.557800  -15.600586   2.135963
4.677583   89.540222  -7.031250   2.154171
4.680083   89.541870  0.659180   2.127087
4.682583   89.561646  7.910156   2.056267
4.685083   89.597351  14.282227   1.946681
4.687583   89.648987  20.654297   1.792573
4.690084   89.710510  24.609375   1.613566
4.692584   89.783569  29.223633   1.393953
4.695084   89.868713  34.057617   1.131826
4.697584   89.962646  37.573242   0.841531
4.700084   90.058228  38.232422   0.551893
4.702584   90.154358  38.452148   0.264933
4.705084   90.249939  38.232422   -0.011071
4.707584   90.339478  35.815430   -0.252522
4.710084   90.425171  34.277344   -0.472512
4.712584   90.497681  29.003906   -0.636297
4.715084   90.553162  22.192383   -0.745755
4.717584   90.588318  14.062500   -0.800086
4.720084   90.611389  9.228516   -0.835381
4.722584   90.614136  1.098633   -0.816893
4.725084   90.599304  -5.932617   -0.764169
4.727584   90.568542  -12.304688   -0.677954
4.730084   90.527344  -16.479492   -0.572259
4.732584   90.471313  -22.412109   -0.422013
4.735085   90.404846  -26.586914   -0.243698
4.737585   90.329590  -30.102539   -0.035032
4.740085   90.253235  -30.541992   0.177907
4.742585   90.173035  -32.080078   0.413171
4.745085   90.093384  -31.860352   0.648414
4.747585   90.012634  -32.299805   0.892236
4.750085   89.936279  -30.541992   1.117381
4.752585   89.864319  -28.784180   1.327266
4.755085   89.802795  -24.609375   1.496000
4.757585   89.755005  -19.116211   1.617546
4.760085   89.723145  -12.744141   1.688738
4.762585   89.707214  -6.372070   1.714147
4.765085   89.707764  0.219727   1.692875
4.767585   89.722046  5.712891   1.636662
4.770085   89.749512  10.986328   1.543656
4.772585   89.787415  15.161133   1.422979
4.775085   89.837402  19.995117   1.263409
4.777586   89.895081  23.071289   1.083814
4.780086   89.959351  25.708008   0.883682
4.782586   90.024170  25.927734   0.687722
4.785086   90.092285  27.246094   0.479442
4.787586   90.157654  26.147461   0.288519
4.790086   90.220825  25.268555   0.107212
4.792586   90.278503  23.071289   -0.050077
4.795086   90.329041  20.214844   -0.181075
4.797586   90.369690  16.259766   -0.278391
4.800086   90.401550  12.744141   -0.351196
4.802586   90.418030  6.591797   -0.375143
4.805086   90.423523  2.197266   -0.375934
4.807586   90.415833  -3.076172   -0.340563
4.810086   90.397705  -7.250977   -0.281507
4.812586   90.370789  -10.766602   -0.200734
4.815086   90.336731  -13.623047   -0.101396
4.817586   90.296631  -16.040039   0.015285
4.820086   90.253784  -17.138672   0.138392
4.822587   90.207092  -18.676758   0.276420
4.825087   90.158752  -19.335938   0.419295
4.827587   90.111511  -18.896484   0.557868
4.830087   90.064270  -18.896484   0.699169
4.832587   90.019775  -17.797852   0.829869
4.835087   89.981873  -15.161133   0.936428
4.837587   89.951660  -12.084961   1.018359
4.840087   89.929688  -8.789063   1.074584
4.842587   89.917053  -5.053711   1.101307
4.845087   89.914856  -0.878906   1.095373
4.847587   89.921997  2.856445   1.062784
4.850087   89.936829  5.932617   1.009084
4.852587   89.956055  7.690430   0.946034
4.855087   89.978577  9.008789   0.874286
4.857587   90.005493  10.766602   0.787922
4.860087   90.032959  10.986328   0.704498
4.862587   90.062622  11.865234   0.612672
4.865088   90.091736  11.645508   0.526070
4.867588   90.119202  10.986328   0.446128
4.870088   90.143921  9.887695   0.376132
4.872588   90.164795  8.349609   0.319241
4.875088   90.181824  6.811523   0.273990
4.877588   90.193359  4.614258   0.246973
4.880088   90.199402  2.416992   0.236022
4.882588   90.199951  0.219727   0.241021
4.885088   90.195557  -1.757813   0.259698
4.887588   90.188416  -2.856445   0.283750
4.890088   90.178528  -3.955078   0.315882
4.892588   90.168640  -3.955078   0.344823
4.895088   90.158203  -4.174805   0.376132
4.897588   90.147766  -4.174805   0.406891
4.900088   90.136780  -4.394531   0.440011
4.902588   90.127441  -3.735352   0.465705
4.905088   90.118652  -3.515625   0.491148
4.907588   90.112061  -2.636719   0.508125
4.910089   90.107666  -1.757813   0.518571
4.912589   90.105469  -0.878906   0.522484
4.915089   90.106018  0.219727   0.517551
4.917589   90.107666  0.659180   0.511321
4.920089   90.110413  1.098633   0.501819
4.922589   90.113159  1.098633   0.493642
4.925089   90.114807  0.659180   0.490055
4.927589   90.114807  0.000000   0.492033
4.930089   90.114258  -0.219727   0.494327
4.932589   90.113159  -0.439453   0.498256
4.935089   90.112610  -0.219727   0.499232
4.937589   90.112061  -0.219727   0.500867
4.940089   90.112610  0.219727   0.497913
4.942589   90.113159  0.219727   0.496278
4.945089   90.113159  0.000000   0.496937
4.947589   90.113708  0.219727   0.494643
4.950089   90.113708  0.000000   0.495302
4.952590   90.113159  -0.219727   0.497597
4.955090   90.113159  0.000000   0.496937
4.957590   90.113159  0.000000   0.496937
4.960090   90.113159  0.000000   0.496937
4.962590   90.113159  0.000000   0.496937
4.965090   90.113159  0.000000   0.496937
4.967590   90.113159  0.000000   0.496937
4.970090   90.113159  0.000000   0.496937
4.972590   90.113159  0.000000   0.496937
4.975090   90.112610  -0.219727   0.499232
4.977590   90.112610  0.000000   0.498572
4.980090   90.112610  0.000000   0.498572
4.982590   90.112610  0.000000   0.498572
4.985090   90.112610  0.000000   0.498572
4.987590   90.112610  0.000000   0.498572
4.990090   90.112610  0.000000   0.498572
4.992590   90.112610  0.000000   0.498572
4.995090   90.112610  0.000000   0.498572
4.997591   90.112610  0.000000   0.498572
5.000091   90.112610  0.000000   0.498572
