0.000000   0.002747  1.098633   2.975884
0.002500   0.003296  0.219727   2.994351
0.005000   0.003296  0.000000   2.998966
0.007500   0.010986  3.076172   2.934667
0.010000   0.037354  10.546875   2.779451
0.012500   0.074158  14.721680   2.694350
0.015000   0.126892  21.093750   2.566401
0.017500   0.202698  30.322266   2.387216
0.020000   0.296631  37.573242   2.253866
0.022500   0.398254  40.649414   2.200991
0.025000   0.514160  46.362305   2.104340
0.027500   0.638306  49.658203   2.052391
0.030000   0.769043  52.294922   2.012912
0.032500   0.901428  52.954102   2.006094
0.035000   1.036011  53.833008   1.996081
0.037500   1.171143  54.052734   1.996712
0.040000   1.309021  55.151367   1.983497
0.042500   1.457886  59.545898   1.920413
0.045000   1.609497  60.644531   1.908598
0.047500   1.762756  61.303711   1.903458
0.050000   1.923706  64.379883   1.863687
0.052500   2.087402  65.478516   1.853121
0.055000   2.254395  66.796875   1.839928
0.057500   2.420837  66.577148   1.848176
0.060000   2.596619  70.312500   1.802949
0.062500   2.776245  71.850586   1.788416
0.065000   2.962463  74.487305   1.760469
0.067500   3.157471  78.002930   1.723108
0.070000   3.351929  77.783203   1.731820
0.072500   3.550781  79.541016   1.717071
0.075000   3.752930  80.859375   1.707992
0.077500   3.945740  77.124023   1.758670
0.080000   4.143494  79.101563   1.741358
0.082500   4.346741  81.298828   1.722265
0.085000   4.542297  78.222656   1.764980
0.087500   4.741699  79.760742   1.753275
0.090000   4.943848  80.859375   1.747185
0.092500   5.141602  79.101563   1.774464
0.095000   5.349792  83.276367   1.733029
0.097500   5.556335  82.617188   1.747272
0.100000   5.765625  83.715820   1.741924
0.102500   5.984253  87.451172   1.708479
0.105000   6.198486  85.693359   1.734434
0.107500   6.421509  89.208984   1.704526
0.110000   6.645630  89.648438   1.707460
0.112500   6.861511  86.352539   1.749400
0.115000   7.087280  90.307617   1.715463
0.117500   7.310852  89.428711   1.731965
0.120000   7.540466  91.845703   1.715122
0.122500   7.766785  90.527344   1.735991
0.125000   7.989807  89.208984   1.757120
0.127500   8.223267  93.383789   1.723099
0.130000   8.449036  90.307617   1.761467
0.132500   8.684143  94.042969   1.732399
0.135000   8.921997  95.141602   1.729929
0.137500   9.159302  94.921875   1.740018
0.140000   9.402100  97.119141   1.727551
0.142500   9.637756  94.262695   1.762454
0.145000   9.885498  99.096680   1.725918
0.147500   10.126099  96.240234   1.760151
0.150000   10.369995  97.558594   1.756220
0.152500   10.617188  98.876953   1.752564
0.155000   10.864929  99.096680   1.758890
0.157500   11.119263  101.733398   1.744209
0.160000   11.369751  100.195313   1.765932
0.162500   11.630676  104.370117   1.738937
0.165000   11.886658  102.392578   1.763905
0.167500   12.151428  105.908203   1.743412
0.170000   12.408508  102.832031   1.777221
0.172500   12.671631  105.249023   1.765739
0.175000   12.929810  103.271484   1.790548
0.177500   13.192932  105.249023   1.782773
0.180000   13.454956  104.809570   1.794916
0.182500   13.716431  104.589844   1.805305
0.185000   13.982849  106.567383   1.797937
0.187500   14.250366  107.006836   1.803074
0.190000   14.527771  110.961914   1.781599
0.192500   14.800232  108.984375   1.805271
0.195000   15.078735  111.401367   1.795915
0.197500   15.353943  110.083008   1.814512
0.200000   15.632446  111.401367   1.813517
0.202500   15.904358  108.764648   1.841990
0.205000   16.183411  111.621094   1.829227
0.207500   16.457520  109.643555   1.852652
0.210000   16.737122  111.840820   1.844975
0.212500   17.011780  109.863281   1.868254
0.215000   17.297974  114.477539   1.843482
0.217500   17.581421  113.378906   1.860015
0.220000   17.875305  117.553711   1.840040
0.222500   18.162598  114.916992   1.866802
0.225000   18.457031  117.773438   1.856287
0.227500   18.743774  114.697266   1.885930
0.230000   19.036560  117.114258   1.878168
0.232500   19.323853  114.916992   1.901866
0.235000   19.613892  116.015625   1.902886
0.237500   19.903381  115.795898   1.913003
0.240000   20.198364  117.993164   1.906844
0.242500   20.492798  117.773438   1.916913
0.245000   20.788330  118.212891   1.922614
0.247500   21.087708  119.750977   1.921239
0.250000   21.385437  119.091797   1.934049
0.252500   21.683716  119.311523   1.941194
0.255000   21.978699  117.993164   1.958254
0.257500   22.278076  119.750977   1.955264
0.260000   22.570313  116.894531   1.982427
0.262500   22.868591  119.311523   1.974792
0.265000   23.164673  118.432617   1.988790
0.267500   23.470642  122.387695   1.972027
0.270000   23.767273  118.652344   2.003905
0.272500   24.073792  122.607422   1.987123
0.275000   24.374817  120.410156   2.009046
0.277500   24.681885  122.827148   2.002153
0.280000   24.986206  121.728516   2.017043
0.282500   25.290527  121.728516   2.025132
0.285000   25.598145  123.046875   2.025056
0.287500   25.902466  121.728516   2.041136
0.290000   26.212830  124.145508   2.034379
0.292500   26.519897  122.827148   2.050164
0.295000   26.833557  125.463867   2.042286
0.297500   27.138428  121.948242   2.071118
0.300000   27.451538  125.244141   2.058995
0.302500   27.760803  123.706055   2.075776
0.305000   28.073364  125.024414   2.075546
0.307500   28.385925  125.024414   2.083123
0.310000   28.698486  125.024414   2.090650
0.312500   29.018188  127.880859   2.081772
0.315000   29.331848  125.463867   2.103027
0.317500   29.652100  128.100586   2.095371
0.320000   29.964661  125.024414   2.120189
0.322500   30.287109  128.979492   2.104959
0.325000   30.603516  126.562500   2.125636
0.327500   30.922119  127.441406   2.127689
0.330000   31.244568  128.979492   2.126166
0.332500   31.563721  127.661133   2.140412
0.335000   31.891663  131.176758   2.128163
0.337500   32.215210  129.418945   2.144447
0.340000   32.545898  132.275391   2.136050
0.342500   32.871643  130.297852   2.153214
0.345000   33.196289  129.858398   2.162163
0.347500   33.527527  132.495117   2.154743
0.350000   33.847778  128.100586   2.184735
0.352500   34.174072  130.517578   2.177834
0.355000   34.502014  131.176758   2.180611
0.357500   34.833801  132.714844   2.178781
0.360000   35.166687  133.154297   2.182643
0.362500   35.497375  132.275391   2.193239
0.365000   35.834656  134.912109   2.185848
0.367500   36.162598  131.176758   2.210844
0.370000   36.496033  133.374023   2.205229
0.372500   36.827820  132.714844   2.214245
0.375000   37.156860  131.616211   2.225504
0.377500   37.490845  133.593750   2.220769
0.380000   37.820435  131.835938   2.235183
0.382500   38.161011  136.230469   2.218384
0.385000   38.497192  134.472656   2.232239
0.387500   38.833923  134.692383   2.236269
0.390000   39.176697  137.109375   2.229547
0.392500   39.509583  133.154297   2.254013
0.395000   39.847412  135.131836   2.248905
0.397500   40.185242  135.131836   2.253600
0.400000   40.521423  134.472656   2.261483
0.402500   40.861450  136.010742   2.258398
0.405000   41.199280  135.131836   2.267099
0.407500   41.545349  138.427734   2.255612
0.410000   41.885925  136.230469   2.270242
0.412500   42.227600  136.669922   2.272212
0.415000   42.574219  138.647461   2.266880
0.417500   42.910950  134.692383   2.289756
0.420000   43.255371  137.768555   2.278619
0.422500   43.601990  138.647461   2.278165
0.425000   43.942017  136.010742   2.294229
0.427500   44.288635  138.647461   2.285112
0.430000   44.633057  137.768555   2.292532
0.432500   44.979675  138.647461   2.291615
0.435000   45.327393  139.086914   2.292656
0.437500   45.670715  137.329102   2.303846
0.440000   46.021179  140.185547   2.293457
0.442500   46.367249  138.427734   2.304259
0.445000   46.714417  138.867188   2.304827
0.447500   47.067078  141.064453   2.297341
0.450000   47.410950  137.548828   2.315847
0.452500   47.759216  139.306641   2.309879
0.455000   48.110229  140.405273   2.307000
0.457500   48.454651  137.768555   2.321143
0.460000   48.807312  141.064453   2.307895
0.462500   49.158325  140.405273   2.312602
0.465000   49.509888  140.625000   2.313236
0.467500   49.863098  141.284180   2.311795
0.470000   50.213562  140.185547   2.318080
0.472500   50.566772  141.284180   2.314395
0.475000   50.916138  139.746094   2.322420
0.477500   51.264404  139.306641   2.325402
0.480000   51.618713  141.723633   2.315382
0.482500   51.967529  139.526367   2.325960
0.485000   52.322388  141.943359   2.315722
0.487500   52.681641  143.701172   2.308595
0.490000   53.032654  140.405273   2.323347
0.492500   53.389160  142.602539   2.313830
0.495000   53.742920  141.503906   2.318698
0.497500   54.093384  140.185547   2.324522
0.500000   54.447693  141.723633   2.317452
0.502500   54.800354  141.064453   2.320034
0.505000   55.155762  142.163086   2.314715
0.507500   55.515564  143.920898   2.306545
0.510000   55.870972  142.163086   2.313361
0.512500   56.230774  143.920898   2.304918
0.515000   56.587280  142.602539   2.309550
0.517500   56.938843  140.625000   2.317132
0.520000   57.298645  143.920898   2.301472
0.522500   57.653503  141.943359   2.308573
0.525000   58.008362  141.943359   2.307026
0.527500   58.370911  145.019531   2.292186
0.530000   58.728516  143.041992   2.298714
0.532500   59.088318  143.920898   2.292988
0.535000   59.450867  145.019531   2.286258
0.537500   59.804077  141.284180   2.300072
0.540000   60.164429  144.140625   2.285322
0.542500   60.527527  145.239258   2.278212
0.545000   60.882935  142.163086   2.288641
0.547500   61.244385  144.580078   2.275512
0.550000   61.606384  144.799805   2.271651
0.552500   61.966736  144.140625   2.271345
0.555000   62.328186  144.580078   2.266285
0.557500   62.688538  144.140625   2.264788
0.560000   63.048340  143.920898   2.262249
0.562500   63.411987  145.458984   2.252190
0.565000   63.772339  144.140625   2.253950
0.567500   64.134888  145.019531   2.246382
0.570000   64.500183  146.118164   2.237827
0.572500   64.862732  145.019531   2.238193
0.575000   65.228577  146.337891   2.228479
0.577500   65.596619  147.216797   2.220520
0.580000   65.967957  148.535156   2.210750
0.582500   66.350281  152.929688   2.189569
0.585000   66.740845  156.225586   2.173193
0.587500   67.142944  160.839844   2.153187
0.590000   67.561523  167.431641   2.128714
0.592500   67.997131  174.243164   2.105753
0.595000   68.454712  183.032227   2.080594
0.597500   68.932068  190.942383   2.059843
0.600000   69.431396  199.731445   2.039684
0.602500   69.956543  210.058594   2.019608
0.605000   70.502014  218.188477   2.004158
0.607500   71.061218  223.681641   1.992351
0.610000   71.647888  234.667969   1.976479
0.612500   72.244995  238.842773   1.966780
0.615000   72.862427  246.972656   1.954697
0.617500   73.491943  251.806641   1.945032
0.620000   74.132446  256.201172   1.935748
0.622500   74.782837  260.156250   1.926773
0.625000   75.442566  263.891602   1.917954
0.627500   76.110535  267.187500   1.909306
0.630000   76.779602  267.626953   1.901760
0.632500   77.448120  267.407227   1.894427
0.635000   78.114441  266.528320   1.887334
0.637500   78.781311  266.748047   1.879749
0.640000   79.440491  263.671875   1.873600
0.642500   80.101318  264.331055   1.865882
0.645000   80.755554  261.694336   1.859642
0.647500   81.398804  257.299805   1.854401
0.649999   82.043701  257.958984   1.846732
0.652499   82.677063  253.344727   1.841767
0.654999   83.308777  252.685547   1.834789
0.657499   83.928406  247.851563   1.830220
0.659999   84.550232  248.730469   1.822330
0.662499   85.163269  245.214844   1.816926
0.664999   85.766418  241.259766   1.811470
0.667499   86.370117  241.479492   1.801277
0.669999   86.960083  235.986328   1.788724
0.672499   87.552795  237.084961   1.750066
0.674999   88.130676  231.152344   1.652997
0.677499   88.708557  231.152344   1.364031
0.679999   89.275452  226.757813   0.641620
0.682499   89.842346  226.757813   -0.755278
0.684999   90.391663  219.726563   -2.342672
0.687499   90.933289  216.650391   -3.424009
0.689999   91.440308  202.807617   -3.897941
0.692499   91.902283  184.790039   -4.000000
0.694999   92.303284  160.400391   -4.000000
0.697499   92.626831  129.418945   -3.977182
0.699999   92.904236  110.961914   -3.875225
0.702499   93.213501  123.706055   -3.972491
0.704999   93.510681  118.872070   -3.950042
0.707499   93.742493  92.724609   -3.742840
0.709999   93.889160  58.666992   -3.321430
0.712499   93.953430  25.708008   -2.742696
0.714999   93.952332  -0.439453   -2.204719
0.717499   93.874329  -31.201172   -1.577325
0.719999   93.745239  -51.635742   -1.211934
0.722499   93.566162  -71.630859   -0.914254
0.724999   93.360168  -82.397461   -0.777302
0.727499   93.133850  -90.527344   -0.682471
0.729999   92.889404  -97.778320   -0.602025
0.732499   92.647705  -96.679688   -0.597313
0.734999   92.397217  -100.195313   -0.542782
0.737499   92.149475  -99.096680   -0.517985
0.739999   91.896240  -101.293945   -0.443352
0.742499   91.639160  -102.832031   -0.341009
0.744999   91.384827  -101.733398   -0.210880
0.747499   91.133240  -100.634766   -0.007198
0.749999   90.882202  -100.415039   0.308188
0.752499   90.630066  -100.854492   0.763853
0.754999   90.388916  -96.459961   1.290709
0.757499   90.152710  -94.482422   1.932052
0.759999   89.934082  -87.451172   2.516304
0.762499   89.734680  -79.760742   3.013440
0.764999   89.554504  -72.070313   3.397568
0.767499   89.415527  -55.590820   3.486690
0.769999   89.311707  -41.528320   3.466012
0.772499   89.250732  -24.389648   3.257524
0.774999   89.230957  -7.910156   2.956380
0.777499   89.252380  8.569336   2.572942
0.779999   89.308960  22.631836   2.179165
0.782499   89.390259  32.519531   1.821425
0.784999   89.495728  42.187500   1.407443
0.787499   89.616577  48.339844   1.000337
0.789999   89.750610  53.613281   0.548061
0.792499   89.884644  53.613281   0.157529
0.794999   90.018127  53.393555   -0.239969
0.797499   90.145020  50.756836   -0.576920
0.799999   90.265869  48.339844   -0.886065
0.802499   90.370239  41.748047   -1.057330
0.804999   90.451538  32.519531   -1.096337
0.807499   90.509216  23.071289   -1.052166
0.809999   90.536133  10.766602   -0.864089
0.812499   90.541626  2.197266   -0.697746
0.814999   90.519653  -8.789063   -0.416989
0.817499   90.476257  -17.358398   -0.137103
0.819999   90.414734  -24.609375   0.161671
0.822499   90.342773  -28.784180   0.431942
0.824999   90.262573  -32.080078   0.715977
0.827499   90.178528  -33.618164   0.986346
0.829999   90.099426  -31.640625   1.182750
0.832499   90.028015  -28.564453   1.337992
0.834999   89.965393  -25.048828   1.458000
0.837499   89.914307  -20.434570   1.519462
0.839999   89.877502  -14.721680   1.513004
0.842499   89.854431  -9.228516   1.467743
0.844999   89.845642  -3.515625   1.374295
0.847499   89.851135  2.197266   1.238261
0.849999   89.868164  6.811523   1.091312
0.852499   89.892883  9.887695   0.953734
0.854999   89.925842  13.183594   0.786907
0.857499   89.961548  14.282227   0.656961
0.859999   90.000549  15.600586   0.512325
0.862499   90.040649  16.040039   0.382454
0.864999   90.076904  14.501953   0.305052
0.867499   90.115356  15.380859   0.172113
0.869999   90.149414  13.623047   0.107325
0.872499   90.179077  11.865234   0.056551
0.874999   90.204895  10.327148   0.013388
0.877499   90.225220  8.129883   0.000595
0.879999   90.238953  5.493164   0.016457
0.882499   90.244446  2.197266   0.069955
0.884999   90.243896  -0.219727   0.122300
0.887499   90.234558  -3.735352   0.222751
0.889999   90.221375  -5.273438   0.292785
0.892499   90.202698  -7.470703   0.392622
0.894999   90.181274  -8.569336   0.477841
0.897499   90.157104  -9.667969   0.571545
0.899999   90.134033  -9.228516   0.630493
0.902499   90.110962  -9.228516   0.699013
0.904999   90.090088  -8.349609   0.742986
0.907499   90.072510  -7.031250   0.768107
0.909999   90.059326  -5.273438   0.770896
0.912499   90.050537  -3.515625   0.760453
0.914999   90.047241  -1.318359   0.724243
0.917499   90.048889  0.659180   0.677725
0.919999   90.054382  2.197266   0.628900
0.922499   90.061523  2.856445   0.593593
0.924999   90.069763  3.295898   0.559640
0.927499   90.078003  3.295898   0.534935
0.929999   90.084045  2.416992   0.535279
0.932499   90.088989  1.977539   0.529710
0.934999   90.092285  1.318359   0.533694
0.937499   90.093384  0.439453   0.548866
0.939999   90.092285  -0.439453   0.570606
0.942499   90.090088  -0.878906   0.586404
0.944999   90.087341  -1.098633   0.599233
0.947499   90.085144  -0.878906   0.601195
0.949999   90.084595  -0.219727   0.588996
0.952499   90.084595  0.000000   0.584382
0.954999   90.085693  0.439453   0.571865
0.957499   90.086792  0.439453   0.568578
0.959999   90.087341  0.219727   0.571549
0.962499   90.087891  0.219727   0.569905
0.964999   90.087341  -0.219727   0.580786
0.967499   90.086792  -0.219727   0.582438
0.969999   90.086243  -0.219727   0.584081
0.972499   90.086243  0.000000   0.579476
0.974999   90.086792  0.219727   0.573218
0.977499   90.087891  0.439453   0.565308
0.979999   90.088989  0.439453   0.562030
0.982499   90.090088  0.439453   0.558745
0.984999   90.090637  0.219727   0.561716
0.987499   90.090088  -0.219727   0.572587
0.989999   90.089539  -0.219727   0.574230
0.992499   90.088440  -0.439453   0.582139
0.994999   90.088440  0.000000   0.572910
0.997499   90.087891  -0.219727   0.579176
0.999999   90.088440  0.219727   0.568305
1.002499   90.088989  0.219727   0.566662
1.004999   90.090088  0.439453   0.558753
1.007499   90.090637  0.219727   0.561725
1.009999   90.091187  0.219727   0.560082
1.012499   90.091187  0.000000   0.564688
1.015000   90.091187  0.000000   0.564688
1.017500   90.091187  0.000000   0.564688
1.020000   90.090637  -0.219727   0.570945
1.022500   90.090637  0.000000   0.566330
1.025000   90.089539  -0.439453   0.578844
1.027500   90.089539  0.000000   0.569616
1.030000   90.088989  -0.219727   0.575882
1.032500   90.088989  0.000000   0.571259
1.035000   90.088989  0.000000   0.571259
1.037500   90.089539  0.219727   0.565002
1.040000   90.090088  0.219727   0.563359
1.042500   90.090088  0.000000   0.567965
1.045000   90.090637  0.219727   0.561708
1.047500   90.089539  -0.439453   0.578836
1.050000   90.089539  0.000000   0.569607
1.052500   90.088440  -0.439453   0.582130
1.055000   90.087891  -0.219727   0.579159
1.057500   90.087341  -0.219727   0.580803
1.060001   90.086792  -0.219727   0.582446
1.062501   90.086792  0.000000   0.577832
1.065001   90.087341  0.219727   0.571574
1.067501   90.087891  0.219727   0.569931
1.070001   90.088440  0.219727   0.568288
1.072501   90.088440  0.000000   0.572893
1.075001   90.088440  0.000000   0.572893
1.077501   90.088440  0.000000   0.572893
1.080001   90.088440  0.000000   0.572893
1.082501   90.087891  -0.219727   0.579151
1.085001   90.087891  0.000000   0.574537
1.087501   90.087341  -0.219727   0.580794
1.090001   90.087891  0.219727   0.569922
1.092501   90.087891  0.000000   0.574537
1.095001   90.088440  0.219727   0.568279
1.097501   90.088989  0.219727   0.566636
1.100001   90.089539  0.219727   0.564993
1.102502   90.090088  0.219727   0.563350
1.105002   90.090088  0.000000   0.567965
1.107502   90.090088  0.000000   0.567965
1.110002   90.090088  0.000000   0.567965
1.112502   90.089539  -0.219727   0.574230
1.115002   90.089539  0.000000   0.569616
1.117502   90.089539  0.000000   0.569616
1.120002   90.089539  0.000000   0.569616
1.122502   90.089539  0.000000   0.569616
1.125002   90.089539  0.000000   0.569616
1.127502   90.089539  0.000000   0.569616
1.130002   90.089539  0.000000   0.569616
1.132502   90.089539  0.000000   0.569616
1.135002   90.089539  0.000000   0.569616
1.137502   90.089539  0.000000   0.569616
1.140002   90.088989  -0.219727   0.575873
1.142502   90.088989  0.000000   0.571259
1.145002   90.088989  0.000000   0.571259
1.147503   90.088989  0.000000   0.571259
1.150003   90.088440  -0.219727   0.577516
1.152503   90.088440  0.000000   0.572902
1.155003   90.088440  0.000000   0.572902
1.157503   90.087891  -0.219727   0.579159
1.160003   90.087891  0.000000   0.574545
1.162503   90.087891  0.000000   0.574545
1.165003   90.087891  0.000000   0.574545
1.167503   90.088440  0.219727   0.568288
1.170003   90.088440  0.000000   0.572902
1.172503   90.088440  0.000000   0.572893
1.175003   90.088989  0.219727   0.566636
1.177503   90.088440  -0.219727   0.577508
1.180003   90.088440  0.000000   0.572893
1.182503   90.088440  0.000000   0.572902
1.185003   90.088440  0.000000   0.572902
1.187503   90.088440  0.000000   0.572902
1.190004   90.088440  0.000000   0.572902
1.192504   90.088440  0.000000   0.572902
1.195004   90.088440  0.000000   0.572902
1.197504   90.088989  0.219727   0.566645
1.200004   90.088989  0.000000   0.571259
1.202504   90.088989  0.000000   0.571259
1.205004   90.088989  0.000000   0.571259
1.207504   90.088989  0.000000   0.571259
1.210004   90.088989  0.000000   0.571259
1.212504   90.088989  0.000000   0.571259
1.215004   90.088989  0.000000   0.571259
1.217504   90.088989  0.000000   0.571259
1.220004   90.088989  0.000000   0.571259
1.222504   90.088989  0.000000   0.571259
1.225004   90.088989  0.000000   0.571259
1.227504   90.088989  0.000000   0.571259
1.230004   90.088989  0.000000   0.571259
1.232504   90.089539  0.219727   0.565002
1.235005   90.089539  0.000000   0.569616
1.237505   90.088989  -0.219727   0.575873
1.240005   90.088989  0.000000   0.571259
1.242505   90.088440  -0.219727   0.577516
1.245005   90.088440  0.000000   0.572902
1.247505   90.088440  0.000000   0.572902
1.250005   90.088440  0.000000   0.572902
1.252505   90.088440  0.000000   0.572902
1.255005   90.088440  0.000000   0.572902
1.257505   90.088440  0.000000   0.572902
1.260005   90.088440  0.000000   0.572902
1.262505   90.088440  0.000000   0.572902
1.265005   90.088440  0.000000   0.572902
1.267505   90.088440  0.000000   0.572902
1.270005   90.088440  0.000000   0.572902
1.272505   90.088440  0.000000   0.572902
1.275005   90.088440  0.000000   0.572902
1.277506   90.087891  -0.219727   0.579159
1.280006   90.088440  0.219727   0.568288
1.282506   90.087891  -0.219727   0.579159
1.285006   90.087891  0.000000   0.574545
1.287506   90.088440  0.219727   0.568288
1.290006   90.088440  0.000000   0.572902
1.292506   90.088989  0.219727   0.566645
1.295006   90.088989  0.000000   0.571259
1.297506   90.088989  0.000000   0.571259
1.300006   90.088989  0.000000   0.571259
1.302506   90.088989  0.000000   0.571259
1.305006   90.088989  0.000000   0.571259
1.307506   90.088989  0.000000   0.571259
1.310006   90.088989  0.000000   0.571259
1.312506   90.088989  0.000000   0.571259
1.315006   90.088989  0.000000   0.571259
1.317506   90.088989  0.000000   0.571259
1.320006   90.088989  0.000000   0.571259
1.322507   90.088989  0.000000   0.571259
1.325007   90.088989  0.000000   0.571259
1.327507   90.088989  0.000000   0.571259
1.330007   90.088989  0.000000   0.571259
1.332507   90.088989  0.000000   0.571259
1.335007   90.088989  0.000000   0.571259
1.337507   90.088440  -0.219727   0.577516
1.340007   90.088440  0.000000   0.572902
1.342507   90.088440  0.000000   0.572902
1.345007   90.088440  0.000000   0.572902
1.347507   90.088440  0.000000   0.572902
1.350007   90.088440  0.000000   0.572902
1.352507   90.088440  0.000000   0.572902
1.355007   90.088440  0.000000   0.572902
1.357507   90.088440  0.000000   0.572902
1.360007   90.088440  0.000000   0.572902
1.362507   90.088440  0.000000   0.572902
1.365008   90.088440  0.000000   0.572902
1.367508   90.088440  0.000000   0.572902
1.370008   90.088440  0.000000   0.572902
1.372508   90.088440  0.000000   0.572902
1.375008   90.088440  0.000000   0.572902
1.377508   90.088440  0.000000   0.572902
1.380008   90.088440  0.000000   0.572902
1.382508   90.088440  0.000000   0.572902
1.385008   90.088440  0.000000   0.572902
1.387508   90.088440  0.000000   0.572902
1.390008   90.088440  0.000000   0.572902
1.392508   90.088989  0.219727   0.566645
1.395008   90.088989  0.000000   0.571259
1.397508   90.088989  0.000000   0.571259
1.400008   90.088440  -0.219727   0.577516
1.402508   90.088440  0.000000   0.572902
1.405008   90.088440  0.000000   0.572902
1.407508   90.088440  0.000000   0.572902
1.410009   90.088440  0.000000   0.572902
1.412509   90.088440  0.000000   0.572902
1.415009   90.088440  0.000000   0.572902
1.417509   90.088440  0.000000   0.572902
1.420009   90.088989  0.219727   0.566645
1.422509   90.088440  -0.219727   0.577516
1.425009   90.088989  0.219727   0.566645
1.427509   90.088989  0.000000   0.571259
1.430009   90.088989  0.000000   0.571259
1.432509   90.088440  -0.219727   0.577516
1.435009   90.088440  0.000000   0.572902
1.437509   90.088440  0.000000   0.572902
1.440009   90.088440  0.000000   0.572902
1.442509   90.088440  0.000000   0.572902
1.445009   90.088440  0.000000   0.572902
1.447509   90.088440  0.000000   0.572902
1.450009   90.088440  0.000000   0.572902
1.452510   90.088440  0.000000   0.572902
1.455010   90.088440  0.000000   0.572902
1.457510   90.088440  0.000000   0.572902
1.460010   90.088440  0.000000   0.572902
1.462510   90.088440  0.000000   0.572902
1.465010   90.088440  0.000000   0.572902
1.467510   90.088440  0.000000   0.572902
1.470010   90.087891  -0.219727   0.579159
1.472510   90.088440  0.219727   0.568288
1.475010   90.087891  -0.219727   0.579159
1.477510   90.088440  0.219727   0.568288
1.480010   90.088440  0.000000   0.572902
1.482510   90.088440  0.000000   0.572902
1.485010   90.088440  0.000000   0.572902
1.487510   90.088989  0.219727   0.566645
1.490010   90.088440  -0.219727   0.577516
1.492510   90.088440  0.000000   0.572902
1.495010   90.088440  0.000000   0.572902
1.497511   90.088440  0.000000   0.572902
1.500011   90.088440  0.000000   0.572902
1.502511   90.088440  0.000000   0.572902
1.505011   90.088440  0.000000   0.572902
1.507511   90.088440  0.000000   0.572902
1.510011   90.088989  0.219727   0.566645
1.512511   90.088989  0.000000   0.571259
1.515011   90.088989  0.000000   0.571259
1.517511   90.088989  0.000000   0.571259
1.520011   90.088440  -0.219727   0.577516
1.522511   90.088440  0.000000   0.572902
1.525011   90.088440  0.000000   0.572902
1.527511   90.088440  0.000000   0.572902
1.530011   90.088440  0.000000   0.572902
1.532511   90.088440  0.000000   0.572902
1.535011   90.088440  0.000000   0.572902
1.537511   90.088440  0.000000   0.572902
1.540012   90.088440  0.000000   0.572902
1.542512   90.088440  0.000000   0.572902
1.545012   90.088440  0.000000   0.572902
1.547512   90.088440  0.000000   0.572902
1.550012   90.088440  0.000000   0.572902
1.552512   90.088440  0.000000   0.572902
1.555012   90.088440  0.000000   0.572902
1.557512   90.088440  0.000000   0.572902
1.560012   90.088440  0.000000   0.572902
1.562512   90.088440  0.000000   0.572902
1.565012   90.088440  0.000000   0.572902
1.567512   90.088440  0.000000   0.572902
1.570012   90.088440  0.000000   0.572902
1.572512   90.088440  0.000000   0.572902
1.575012   90.088440  0.000000   0.572902
1.577512   90.088440  0.000000   0.572902
1.580012   90.088440  0.000000   0.572902
1.582512   90.088440  0.000000   0.572902
1.585013   90.088440  0.000000   0.572902
1.587513   90.088440  0.000000   0.572902
1.590013   90.088440  0.000000   0.572902
1.592513   90.088440  0.000000   0.572902
1.595013   90.088440  0.000000   0.572902
1.597513   90.088440  0.000000   0.572902
1.600013   90.088440  0.000000   0.572902
1.602513   90.088440  0.000000   0.572902
1.605013   90.088440  0.000000   0.572902
1.607513   90.088440  0.000000   0.572902
1.610013   90.088440  0.000000   0.572902
1.612513   90.088440  0.000000   0.572902
1.615013   90.088440  0.000000   0.572902
1.617513   90.088440  0.000000   0.572902
1.620013   90.088440  0.000000   0.572902
1.622513   90.088440  0.000000   0.572902
1.625013   90.088440  0.000000   0.572902
1.627514   90.088440  0.000000   0.572902
1.630014   90.088440  0.000000   0.572902
1.632514   90.088440  0.000000   0.572902
1.635014   90.088440  0.000000   0.572902
1.637514   90.088440  0.000000   0.572902
1.640014   90.088440  0.000000   0.572902
1.642514   90.088440  0.000000   0.572902
1.645014   90.088440  0.000000   0.572902
1.647514   90.088440  0.000000   0.572902
1.650014   90.088440  0.000000   0.572902
1.652514   90.088440  0.000000   0.572902
1.655014   90.088440  0.000000   0.572902
1.657514   90.088440  0.000000   0.572902
1.660014   90.088440  0.000000   0.572902
1.662514   90.088440  0.000000   0.572902
1.665014   90.088440  0.000000   0.572902
1.667514   90.088440  0.000000   0.572902
1.670015   90.088440  0.000000   0.572902
1.672515   90.088440  0.000000   0.572902
1.675015   90.088440  0.000000   0.572902
1.677515   90.088440  0.000000   0.572902
1.680015   90.088440  0.000000   0.572902
1.682515   90.088440  0.000000   0.572902
1.685015   90.088440  0.000000   0.572902
1.687515   90.088440  0.000000   0.572902
1.690015   90.088440  0.000000   0.572902
1.692515   90.088440  0.000000   0.572902
1.695015   90.088440  0.000000   0.572902
1.697515   90.088440  0.000000   0.572902
1.700015   90.088440  0.000000   0.572902
1.702515   90.088440  0.000000   0.572902
1.705015   90.088440  0.000000   0.572902
1.707515   90.088440  0.000000   0.572902
1.710015   90.088440  0.000000   0.572902
1.712515   90.088440  0.000000   0.572902
1.715016   90.088440  0.000000   0.572902
1.717516   90.088440  0.000000   0.572902
1.720016   90.088440  0.000000   0.572902
1.722516   90.088440  0.000000   0.572902
1.725016   90.088440  0.000000   0.572902
1.727516   90.088440  0.000000   0.572902
1.730016   90.088440  0.000000   0.572902
1.732516   90.088440  0.000000   0.572902
1.735016   90.088440  0.000000   0.572902
1.737516   90.088440  0.000000   0.572902
1.740016   90.088440  0.000000   0.572902
1.742516   90.088440  0.000000   0.572902
1.745016   90.088440  0.000000   0.572902
1.747516   90.088440  0.000000   0.572902
1.750016   90.088440  0.000000   0.572902
1.752516   90.088440  0.000000   0.572902
1.755016   90.088440  0.000000   0.572902
1.757517   90.088440  0.000000   0.572902
1.760017   90.088440  0.000000   0.572902
1.762517   90.088440  0.000000   0.572902
1.765017   90.088440  0.000000   0.572902
1.767517   90.088440  0.000000   0.572902
1.770017   90.088440  0.000000   0.572902
1.772517   90.088440  0.000000   0.572902
1.775017   90.088440  0.000000   0.572902
1.777517   90.088440  0.000000   0.572902
1.780017   90.088440  0.000000   0.572902
1.782517   90.088440  0.000000   0.572902
1.785017   90.088440  0.000000   0.572902
1.787517   90.088440  0.000000   0.572902
1.790017   90.088440  0.000000   0.572902
1.792517   90.088440  0.000000   0.572902
1.795017   90.088440  0.000000   0.572902
1.797517   90.088440  0.000000   0.572902
1.800017   90.088440  0.000000   0.572902
1.802518   90.088440  0.000000   0.572902
1.805018   90.088440  0.000000   0.572902
1.807518   90.088440  0.000000   0.572902
1.810018   90.088440  0.000000   0.572902
1.812518   90.088440  0.000000   0.572902
1.815018   90.088440  0.000000   0.572902
1.817518   90.088440  0.000000   0.572902
1.820018   90.088440  0.000000   0.572902
1.822518   90.088440  0.000000   0.572902
1.825018   90.088440  0.000000   0.572902
1.827518   90.088440  0.000000   0.572902
1.830018   90.088440  0.000000   0.572902
1.832518   90.088440  0.000000   0.572902
1.835018   90.088440  0.000000   0.572902
1.837518   90.088440  0.000000   0.572902
1.840018   90.088440  0.000000   0.572902
1.842518   90.088440  0.000000   0.572902
1.845019   90.088440  0.000000   0.572902
1.847519   90.088440  0.000000   0.572902
1.850019   90.088440  0.000000   0.572902
1.852519   90.088440  0.000000   0.572902
1.855019   90.088440  0.000000   0.572902
1.857519   90.088440  0.000000   0.572902
1.860019   90.088440  0.000000   0.572902
1.862519   90.088440  0.000000   0.572902
1.865019   90.088440  0.000000   0.572902
1.867519   90.088440  0.000000   0.572902
1.870019   90.088440  0.000000   0.572902
1.872519   90.088440  0.000000   0.572902
1.875019   90.088440  0.000000   0.572902
1.877519   90.088440  0.000000   0.572902
1.880019   90.088440  0.000000   0.572902
1.882519   90.088440  0.000000   0.572902
1.885019   90.088440  0.000000   0.572902
1.887519   90.088440  0.000000   0.572902
1.890020   90.088440  0.000000   0.572902
1.892520   90.088440  0.000000   0.572902
1.895020   90.088440  0.000000   0.572902
1.897520   90.088440  0.000000   0.572902
1.900020   90.088440  0.000000   0.572902
1.902520   90.088440  0.000000   0.572902
1.905020   90.088440  0.000000   0.572902
1.907520   90.088440  0.000000   0.572902
1.910020   90.088440  0.000000   0.572902
1.912520   90.088440  0.000000   0.572902
1.915020   90.088440  0.000000   0.572902
1.917520   90.088440  0.000000   0.572902
1.920020   90.088440  0.000000   0.572902
1.922520   90.088440  0.000000   0.572902
1.925020   90.088440  0.000000   0.572902
1.927520   90.088440  0.000000   0.572902
1.930020   90.088440  0.000000   0.572902
1.932521   90.088440  0.000000   0.572902
1.935021   90.088440  0.000000   0.572902
1.937521   90.088440  0.000000   0.572902
1.940021   90.088440  0.000000   0.572902
1.942521   90.088440  0.000000   0.572902
1.945021   90.088440  0.000000   0.572902
1.947521   90.088440  0.000000   0.572902
1.950021   90.088440  0.000000   0.572902
1.952521   90.088440  0.000000   0.572902
1.955021   90.088440  0.000000   0.572902
1.957521   90.088440  0.000000   0.572902
1.960021   90.088440  0.000000   0.572902
1.962521   90.088440  0.000000   0.572902
1.965021   90.088440  0.000000   0.572902
1.967521   90.088440  0.000000   0.572902
1.970021   90.088440  0.000000   0.572902
1.972521   90.088440  0.000000   0.572902
1.975021   90.088440  0.000000   0.572902
1.977522   90.088440  0.000000   0.572902
1.980022   90.088440  0.000000   0.572902
1.982522   90.088440  0.000000   0.572902
1.985022   90.088440  0.000000   0.572902
1.987522   90.088440  0.000000   0.572902
1.990022   90.088440  0.000000   0.572902
1.992522   90.088440  0.000000   0.572902
1.995022   90.088440  0.000000   0.572902
1.997522   90.088440  0.000000   0.572902
2.000022   90.088440  0.000000   0.572902
2.002522   90.088440  0.000000   0.572902
2.005022   90.088440  0.000000   0.572902
2.007522   90.088440  0.000000   0.572902
2.010022   90.088440  0.000000   0.572902
2.012522   90.088440  0.000000   0.572902
2.015022   90.088440  0.000000   0.572902
2.017522   90.088440  0.000000   0.572902
2.020022   90.088440  0.000000   0.572902
2.022522   90.088440  0.000000   0.572902
2.025023   90.088440  0.000000   0.572902
2.027523   90.088440  0.000000   0.572902
2.030023   90.088440  0.000000   0.572902
2.032523   90.088440  0.000000   0.572902
2.035023   90.088440  0.000000   0.572902
2.037523   90.088440  0.000000   0.572902
2.040023   90.088440  0.000000   0.572902
2.042523   90.088440  0.000000   0.572902
2.045023   90.088440  0.000000   0.572902
2.047523   90.088440  0.000000   0.572902
2.050023   90.088440  0.000000   0.572902
2.052523   90.088440  0.000000   0.572902
2.055023   90.088440  0.000000   0.572902
2.057523   90.088440  0.000000   0.572902
2.060023   90.088440  0.000000   0.572902
2.062523   90.088440  0.000000   0.572902
2.065023   90.088440  0.000000   0.572902
2.067523   90.088440  0.000000   0.572902
2.070024   90.088440  0.000000   0.572902
2.072524   90.088440  0.000000   0.572902
2.075024   90.088440  0.000000   0.572902
2.077524   90.088440  0.000000   0.572902
2.080024   90.088440  0.000000   0.572902
2.082524   90.088440  0.000000   0.572902
2.085024   90.088440  0.000000   0.572902
2.087524   90.088440  0.000000   0.572902
2.090024   90.088440  0.000000   0.572902
2.092524   90.088440  0.000000   0.572902
2.095024   90.088440  0.000000   0.572902
2.097524   90.088440  0.000000   0.572902
2.100024   90.088440  0.000000   0.572902
2.102524   90.088440  0.000000   0.572902
2.105024   90.088440  0.000000   0.572902
2.107524   90.088440  0.000000   0.572902
2.110024   90.088440  0.000000   0.572902
2.112525   90.088440  0.000000   0.572902
2.115025   90.088440  0.000000   0.572902
2.117525   90.088440  0.000000   0.572902
2.120025   90.088440  0.000000   0.572902
2.122525   90.087891  -0.219727   0.579159
2.125025   90.088440  0.219727   0.568288
2.127525   90.088440  0.000000   0.572902
2.130025   90.088440  0.000000   0.572902
2.132525   90.088440  0.000000   0.572902
2.135025   90.088440  0.000000   0.572902
2.137525   90.088440  0.000000   0.572902
2.140025   90.088440  0.000000   0.572902
2.142525   90.088440  0.000000   0.572902
2.145025   90.088440  0.000000   0.572902
2.147525   90.088440  0.000000   0.572902
2.150025   90.087891  -0.219727   0.579159
2.152525   90.088440  0.219727   0.568288
2.155025   90.088440  0.000000   0.572902
2.157526   90.088440  0.000000   0.572902
2.160026   90.088440  0.000000   0.572902
2.162526   90.088440  0.000000   0.572902
2.165026   90.088440  0.000000   0.572902
2.167526   90.088440  0.000000   0.572902
2.170026   90.088440  0.000000   0.572902
2.172526   90.088440  0.000000   0.572902
2.175026   90.088440  0.000000   0.572902
2.177526   90.088440  0.000000   0.572902
2.180026   90.088440  0.000000   0.572902
2.182526   90.088440  0.000000   0.572902
2.185026   90.088440  0.000000   0.572902
2.187526   90.088440  0.000000   0.572902
2.190026   90.088440  0.000000   0.572902
2.192526   90.088440  0.000000   0.572902
2.195026   90.088440  0.000000   0.572902
2.197526   90.088440  0.000000   0.572902
2.200027   90.088440  0.000000   0.572902
2.202527   90.088440  0.000000   0.572902
2.205027   90.088440  0.000000   0.572902
2.207527   90.087891  -0.219727   0.579159
2.210027   90.088440  0.219727   0.568288
2.212527   90.088440  0.000000   0.572902
2.215027   90.088440  0.000000   0.572902
2.217527   90.088440  0.000000   0.572902
2.220027   90.088440  0.000000   0.572902
2.222527   90.088440  0.000000   0.572902
2.225027   90.088440  0.000000   0.572902
2.227527   90.088440  0.000000   0.572902
2.230027   90.088440  0.000000   0.572902
2.232527   90.088440  0.000000   0.572902
2.235027   90.087891  -0.219727   0.579159
2.237527   90.088440  0.219727   0.568288
2.240027   90.088440  0.000000   0.572902
2.242527   90.088440  0.000000   0.572902
2.245028   90.088440  0.000000   0.572902
2.247528   90.088440  0.000000   0.572902
2.250028   90.088440  0.000000   0.572902
2.252528   90.088440  0.000000   0.572902
2.255028   90.088440  0.000000   0.572902
2.257528   90.088440  0.000000   0.572902
2.260028   90.088440  0.000000   0.572902
2.262528   90.088440  0.000000   0.572902
2.265028   90.088440  0.000000   0.572902
2.267528   90.088440  0.000000   0.572902
2.270028   90.088440  0.000000   0.572902
2.272528   90.088440  0.000000   0.572902
2.275028   90.088440  0.000000   0.572902
2.277528   90.088440  0.000000   0.572902
2.280028   90.088440  0.000000   0.572902
2.282528   90.088440  0.000000   0.572902
2.285028   90.087891  -0.219727   0.579159
2.287529   90.088440  0.219727   0.568288
2.290029   90.088440  0.000000   0.572902
2.292529   90.088440  0.000000   0.572902
2.295029   90.088440  0.000000   0.572902
2.297529   90.088440  0.000000   0.572902
2.300029   90.087891  -0.219727   0.579159
2.302529   90.088440  0.219727   0.568288
2.305029   90.088440  0.000000   0.572902
2.307529   90.088440  0.000000   0.572902
2.310029   90.088440  0.000000   0.572902
2.312529   90.088440  0.000000   0.572902
2.315029   90.087891  -0.219727   0.579159
2.317529   90.088440  0.219727   0.568288
2.320029   90.088440  0.000000   0.572902
2.322529   90.088440  0.000000   0.572902
2.325029   90.088440  0.000000   0.572902
2.327529   90.087891  -0.219727   0.579159
2.330029   90.087891  0.000000   0.574545
2.332530   90.088440  0.219727   0.568288
2.335030   90.088440  0.000000   0.572902
2.337530   90.088440  0.000000   0.572902
2.340030   90.088440  0.000000   0.572902
2.342530   90.088440  0.000000   0.572902
2.345030   90.088440  0.000000   0.572902
2.347530   90.088440  0.000000   0.572902
2.350030   90.087891  -0.219727   0.579159
2.352530   90.088440  0.219727   0.568288
2.355030   90.087891  -0.219727   0.579159
2.357530   90.088440  0.219727   0.568288
2.360030   90.088440  0.000000   0.572902
2.362530   90.088440  0.000000   0.572902
2.365030   90.088440  0.000000   0.572902
2.367530   90.087891  -0.219727   0.579159
2.370030   90.088440  0.219727   0.568288
2.372530   90.087891  -0.219727   0.579159
2.375031   90.088440  0.219727   0.568288
2.377531   90.088440  0.000000   0.572902
2.380031   90.087891  -0.219727   0.579159
2.382531   90.087891  0.000000   0.574545
2.385031   90.087891  0.000000   0.574545
2.387531   90.088440  0.219727   0.568288
2.390031   90.088440  0.000000   0.572902
2.392531   90.087891  -0.219727   0.579159
2.395031   90.088440  0.219727   0.568288
2.397531   90.087891  -0.219727   0.579159
2.400031   90.088440  0.219727   0.568288
2.402531   90.088440  0.000000   0.572902
2.405031   90.088440  0.000000   0.572902
2.407531   90.088440  0.000000   0.572902
2.410031   90.088440  0.000000   0.572902
2.412531   90.088440  0.000000   0.572902
2.415031   90.087891  -0.219727   0.579159
2.417531   90.088440  0.219727   0.568288
2.420032   90.088440  0.000000   0.572902
2.422532   90.088440  0.000000   0.572902
2.425032   90.088440  0.000000   0.572902
2.427532   90.088440  0.000000   0.572902
2.430032   90.087891  -0.219727   0.579159
2.432532   90.087891  0.000000   0.574545
2.435032   90.088440  0.219727   0.568288
2.437532   90.088440  0.000000   0.572902
2.440032   90.088440  0.000000   0.572902
2.442532   90.088440  0.000000   0.572902
2.445032   90.087891  -0.219727   0.579159
2.447532   90.088440  0.219727   0.568288
2.450032   90.088440  0.000000   0.572902
2.452532   90.088440  0.000000   0.572902
2.455032   90.088440  0.000000   0.572902
2.457532   90.087891  -0.219727   0.579159
2.460032   90.088440  0.219727   0.568288
2.462533   90.087891  -0.219727   0.579159
2.465033   90.088440  0.219727   0.568288
2.467533   90.087891  -0.219727   0.579159
2.470033   90.088440  0.219727   0.568288
2.472533   90.088440  0.000000   0.572902
2.475033   90.087891  -0.219727   0.579159
2.477533   90.088440  0.219727   0.568288
2.480033   90.088440  0.000000   0.572902
2.482533   90.087891  -0.219727   0.579159
2.485033   90.088440  0.219727   0.568288
2.487533   90.088440  0.000000   0.572902
2.490033   90.088440  0.000000   0.572902
2.492533   90.088440  0.000000   0.572902
2.495033   90.088440  0.000000   0.572902
2.497533   90.088440  0.000000   0.572902
2.500033   90.088440  0.000000   0.572902
2.502533   90.088440  0.000000   0.572902
2.505033   90.088440  0.000000   0.572902
2.507534   90.087891  -0.219727   0.579159
2.510034   90.087891  0.000000   0.574545
2.512534   90.088440  0.219727   0.568288
2.515034   90.087891  -0.219727   0.579159
2.517534   90.087891  0.000000   0.574545
2.520034   90.087891  0.000000   0.574545
2.522534   90.087891  0.000000   0.574545
2.525034   90.087891  0.000000   0.574545
2.527534   90.087891  0.000000   0.574545
2.530034   90.088440  0.219727   0.568288
2.532534   90.088440  0.000000   0.572902
2.535034   90.088440  0.000000   0.572902
2.537534   90.088440  0.000000   0.572902
2.540034   90.087891  -0.219727   0.579159
2.542534   90.088440  0.219727   0.568288
2.545034   90.087891  -0.219727   0.579159
2.547534   90.087891  0.000000   0.574545
2.550035   90.087891  0.000000   0.574545
2.552535   90.087891  0.000000   0.574545
2.555035   90.087891  0.000000   0.574545
2.557535   90.087891  0.000000   0.574545
2.560035   90.088440  0.219727   0.568288
2.562535   90.088440  0.000000   0.572902
2.565035   90.088440  0.000000   0.572902
2.567535   90.088440  0.000000   0.572902
2.570035   90.088440  0.000000   0.572902
2.572535   90.087891  -0.219727   0.579159
2.575035   90.087891  0.000000   0.574545
2.577535   90.087891  0.000000   0.574545
2.580035   90.087891  0.000000   0.574545
2.582535   90.087891  0.000000   0.574545
2.585035   90.087891  0.000000   0.574545
2.587535   90.087891  0.000000   0.574545
2.590035   90.087891  0.000000   0.574545
2.592535   90.088440  0.219727   0.568288
2.595036   90.088440  0.000000   0.572902
2.597536   90.088440  0.000000   0.572902
2.600036   90.088440  0.000000   0.572902
2.602536   90.087891  -0.219727   0.579159
2.605036   90.087891  0.000000   0.574545
2.607536   90.087891  0.000000   0.574545
2.610036   90.088440  0.219727   0.568288
2.612536   90.088440  0.000000   0.572902
2.615036   90.087891  -0.219727   0.579159
2.617536   90.088440  0.219727   0.568288
2.620036   90.087891  -0.219727   0.579159
2.622536   90.088440  0.219727   0.568288
2.625036   90.088440  0.000000   0.572902
2.627536   90.088440  0.000000   0.572902
2.630036   90.087891  -0.219727   0.579159
2.632536   90.087891  0.000000   0.574545
2.635036   90.087891  0.000000   0.574545
2.637537   90.087891  0.000000   0.574545
2.640037   90.088440  0.219727   0.568288
2.642537   90.088440  0.000000   0.572902
2.645037   90.088440  0.000000   0.572902
2.647537   90.088440  0.000000   0.572902
2.650037   90.088440  0.000000   0.572902
2.652537   90.088440  0.000000   0.572902
2.655037   90.087891  -0.219727   0.579159
2.657537   90.087891  0.000000   0.574545
2.660037   90.088440  0.219727   0.568288
2.662537   90.087891  -0.219727   0.579159
2.665037   90.088440  0.219727   0.568288
2.667537   90.087891  -0.219727   0.579159
2.670037   90.087891  0.000000   0.574545
2.672537   90.088440  0.219727   0.568288
2.675037   90.088440  0.000000   0.572902
2.677537   90.087891  -0.219727   0.579159
2.680037   90.087891  0.000000   0.574545
2.682538   90.088440  0.219727   0.568288
2.685038   90.087891  -0.219727   0.579159
2.687538   90.088440  0.219727   0.568288
2.690038   90.088440  0.000000   0.572902
2.692538   90.088440  0.000000   0.572902
2.695038   90.087891  -0.219727   0.579159
2.697538   90.087891  0.000000   0.574545
2.700038   90.087891  0.000000   0.574545
2.702538   90.087891  0.000000   0.574545
2.705038   90.088440  0.219727   0.568288
2.707538   90.087891  -0.219727   0.579159
2.710038   90.088440  0.219727   0.568288
2.712538   90.088440  0.000000   0.572902
2.715038   90.087891  -0.219727   0.579159
2.717538   90.087891  0.000000   0.574545
2.720038   90.087891  0.000000   0.574545
2.722538   90.087891  0.000000   0.574545
2.725039   90.087891  0.000000   0.574545
2.727539   90.087891  0.000000   0.574545
2.730039   90.087891  0.000000   0.574545
2.732539   90.088440  0.219727   0.568288
2.735039   90.087891  -0.219727   0.579159
2.737539   90.087891  0.000000   0.574545
2.740039   90.088440  0.219727   0.568288
2.742539   90.088440  0.000000   0.572902
2.745039   90.088440  0.000000   0.572902
2.747539   90.087891  -0.219727   0.579159
2.750039   90.087891  0.000000   0.574545
2.752539   90.087891  0.000000   0.574545
2.755039   90.087891  0.000000   0.574545
2.757539   90.087891  0.000000   0.574545
2.760039   90.087891  0.000000   0.574545
2.762539   90.087891  0.000000   0.574545
2.765039   90.087891  0.000000   0.574545
2.767540   90.088440  0.219727   0.568288
2.770040   90.087891  -0.219727   0.579159
2.772540   90.087891  0.000000   0.574545
2.775040   90.087891  0.000000   0.574545
2.777540   90.087891  0.000000   0.574545
2.780040   90.087891  0.000000   0.574545
2.782540   90.088440  0.219727   0.568288
2.785040   90.087891  -0.219727   0.579159
2.787540   90.087891  0.000000   0.574545
2.790040   90.087891  0.000000   0.574545
2.792540   90.087891  0.000000   0.574545
2.795040   90.088440  0.219727   0.568288
2.797540   90.087891  -0.219727   0.579159
2.800040   90.087891  0.000000   0.574545
2.802540   90.087891  0.000000   0.574545
2.805040   90.087891  0.000000   0.574545
2.807540   90.087891  0.000000   0.574545
2.810040   90.088440  0.219727   0.568288
2.812541   90.087891  -0.219727   0.579159
2.815041   90.087891  0.000000   0.574545
2.817541   90.087891  0.000000   0.574545
2.820041   90.088440  0.219727   0.568288
2.822541   90.088440  0.000000   0.572902
2.825041   90.088440  0.000000   0.572902
2.827541   90.087891  -0.219727   0.579159
2.830041   90.087891  0.000000   0.574545
2.832541   90.087891  0.000000   0.574545
2.835041   90.087891  0.000000   0.574545
2.837541   90.088440  0.219727   0.568288
2.840041   90.087891  -0.219727   0.579159
2.842541   90.087891  0.000000   0.574545
2.845041   90.087891  0.000000   0.574545
2.847541   90.088440  0.219727   0.568288
2.850041   90.087891  -0.219727   0.579159
2.852541   90.088440  0.219727   0.568288
2.855042   90.087891  -0.219727   0.579159
2.857542   90.087891  0.000000   0.574545
2.860042   90.087891  0.000000   0.574545
2.862542   90.087891  0.000000   0.574545
2.865042   90.087891  0.000000   0.574545
2.867542   90.087891  0.000000   0.574545
2.870042   90.087891  0.000000   0.574545
2.872542   90.088440  0.219727   0.568288
2.875042   90.087891  -0.219727   0.579159
2.877542   90.088440  0.219727   0.568288
2.880042   90.087891  -0.219727   0.579159
2.882542   90.087891  0.000000   0.574545
2.885042   90.087891  0.000000   0.574545
2.887542   90.088440  0.219727   0.568288
2.890042   90.088440  0.000000   0.572902
2.892542   90.087891  -0.219727   0.579159
2.895042   90.087891  0.000000   0.574545
2.897542   90.087891  0.000000   0.574545
2.900043   90.087891  0.000000   0.574545
2.902543   90.087891  0.000000   0.574545
2.905043   90.087891  0.000000   0.574545
2.907543   90.087891  0.000000   0.574545
2.910043   90.088440  0.219727   0.568288
2.912543   90.088440  0.000000   0.572902
2.915043   90.087891  -0.219727   0.579159
2.917543   90.087891  0.000000   0.574545
2.920043   90.087891  0.000000   0.574545
2.922543   90.087891  0.000000   0.574545
2.925043   90.087891  0.000000   0.574545
2.927543   90.087891  0.000000   0.574545
2.930043   90.087891  0.000000   0.574545
2.932543   90.087891  0.000000   0.574545
2.935043   90.087891  0.000000   0.574545
2.937543   90.087891  0.000000   0.574545
2.940043   90.088440  0.219727   0.568288
2.942544   90.087891  -0.219727   0.579159
2.945044   90.087891  0.000000   0.574545
2.947544   90.087891  0.000000   0.574545
2.950044   90.087891  0.000000   0.574545
2.952544   90.087891  0.000000   0.574545
2.955044   90.087891  0.000000   0.574545
2.957544   90.087891  0.000000   0.574545
2.960044   90.087891  0.000000   0.574545
2.962544   90.087891  0.000000   0.574545
2.965044   90.087891  0.000000   0.574545
2.967544   90.088440  0.219727   0.568288
2.970044   90.088440  0.000000   0.572902
2.972544   90.087891  -0.219727   0.579159
2.975044   90.087891  0.000000   0.574545
2.977544   90.087891  0.000000   0.574545
2.980044   90.087891  0.000000   0.574545
2.982544   90.087891  0.000000   0.574545
2.985044   90.087891  0.000000   0.574545
2.987545   90.087891  0.000000   0.574545
2.990045   90.087891  0.000000   0.574545
2.992545   90.087891  0.000000   0.574545
2.995045   90.087891  0.000000   0.574545
2.997545   90.087891  0.000000   0.574545
3.000045   90.087891  0.000000   0.574545
3.002545   90.087891  0.000000   0.574545
3.005045   90.087891  0.000000   0.574545
3.007545   90.087891  0.000000   0.574545
3.010045   90.087891  0.000000   0.574545
3.012545   90.087891  0.000000   0.574545
3.015045   90.087891  0.000000   0.574545
3.017545   90.087891  0.000000   0.574545
3.020045   90.087891  0.000000   0.574545
3.022545   90.087891  0.000000   0.574545
3.025045   90.088440  0.219727   0.568288
3.027545   90.087891  -0.219727   0.579159
3.030046   90.087891  0.000000   0.574545
3.032546   90.087891  0.000000   0.574545
3.035046   90.087891  0.000000   0.574545
3.037546   90.087891  0.000000   0.574545
3.040046   90.088440  0.219727   0.568288
3.042546   90.088440  0.000000   0.572902
3.045046   90.087891  -0.219727   0.579159
3.047546   90.087891  0.000000   0.574545
3.050046   90.087891  0.000000   0.574545
3.052546   90.087891  0.000000   0.574545
3.055046   90.087891  0.000000   0.574545
3.057546   90.087891  0.000000   0.574545
3.060046   90.087891  0.000000   0.574545
3.062546   90.087891  0.000000   0.574545
3.065046   90.087891  0.000000   0.574545
3.067546   90.087891  0.000000   0.574545
3.070046   90.088440  0.219727   0.568288
3.072546   90.087891  -0.219727   0.579159
3.075047   90.087891  0.000000   0.574545
3.077547   90.088440  0.219727   0.568288
3.080047   90.087891  -0.219727   0.579159
3.082547   90.088440  0.219727   0.568288
3.085047   90.087891  -0.219727   0.579159
3.087547   90.087891  0.000000   0.574545
3.090047   90.087891  0.000000   0.574545
3.092547   90.087891  0.000000   0.574545
3.095047   90.088440  0.219727   0.568288
3.097547   90.087891  -0.219727   0.579159
3.100047   90.087891  0.000000   0.574545
3.102547   90.087891  0.000000   0.574545
3.105047   90.087891  0.000000   0.574545
3.107547   90.087891  0.000000   0.574545
3.110047   90.087891  0.000000   0.574545
3.112547   90.087891  0.000000   0.574545
3.115047   90.087891  0.000000   0.574545
3.117548   90.087891  0.000000   0.574545
3.120048   90.088440  0.219727   0.568288
3.122548   90.087891  -0.219727   0.579159
3.125048   90.087891  0.000000   0.574545
3.127548   90.087891  0.000000   0.574545
3.130048   90.087891  0.000000   0.574545
3.132548   90.087891  0.000000   0.574545
3.135048   90.087891  0.000000   0.574545
3.137548   90.087891  0.000000   0.574545
3.140048   90.087891  0.000000   0.574545
3.142548   90.087891  0.000000   0.574545
3.145048   90.088440  0.219727   0.568288
3.147548   90.087891  -0.219727   0.579159
3.150048   90.087891  0.000000   0.574545
3.152548   90.087891  0.000000   0.574545
3.155048   90.087891  0.000000   0.574545
3.157548   90.087891  0.000000   0.574545
3.160048   90.087891  0.000000   0.574545
3.162549   90.087891  0.000000   0.574545
3.165049   90.087891  0.000000   0.574545
3.167549   90.087891  0.000000   0.574545
3.170049   90.088440  0.219727   0.568288
3.172549   90.087891  -0.219727   0.579159
3.175049   90.087891  0.000000   0.574545
3.177549   90.087891  0.000000   0.574545
3.180049   90.087891  0.000000   0.574545
3.182549   90.087891  0.000000   0.574545
3.185049   90.087891  0.000000   0.574545
3.187549   90.087891  0.000000   0.574545
3.190049   90.087891  0.000000   0.574545
3.192549   90.087891  0.000000   0.574545
3.195049   90.088440  0.219727   0.568288
3.197549   90.087891  -0.219727   0.579159
3.200049   90.087891  0.000000   0.574545
3.202549   90.087891  0.000000   0.574545
3.205050   90.087891  0.000000   0.574545
3.207550   90.087891  0.000000   0.574545
3.210050   90.087891  0.000000   0.574545
3.212550   90.087891  0.000000   0.574545
3.215050   90.087891  0.000000   0.574545
3.217550   90.087891  0.000000   0.574545
3.220050   90.087891  0.000000   0.574545
3.222550   90.087891  0.000000   0.574545
3.225050   90.087891  0.000000   0.574545
3.227550   90.087891  0.000000   0.574545
3.230050   90.087891  0.000000   0.574545
3.232550   90.087891  0.000000   0.574545
3.235050   90.087891  0.000000   0.574545
3.237550   90.087891  0.000000   0.574545
3.240050   90.087891  0.000000   0.574545
3.242550   90.087891  0.000000   0.574545
3.245050   90.087891  0.000000   0.574545
3.247550   90.087891  0.000000   0.574545
3.250051   90.087891  0.000000   0.574545
3.252551   90.087891  0.000000   0.574545
3.255051   90.087891  0.000000   0.574545
3.257551   90.087891  0.000000   0.574545
3.260051   90.087891  0.000000   0.574545
3.262551   90.087891  0.000000   0.574545
3.265051   90.087891  0.000000   0.574545
3.267551   90.087891  0.000000   0.574545
3.270051   90.087891  0.000000   0.574545
3.272551   90.087891  0.000000   0.574545
3.275051   90.087891  0.000000   0.574545
3.277551   90.087891  0.000000   0.574545
3.280051   90.087891  0.000000   0.574545
3.282551   90.087891  0.000000   0.574545
3.285051   90.087891  0.000000   0.574545
3.287551   90.087891  0.000000   0.574545
3.290051   90.087891  0.000000   0.574545
3.292552   90.087891  0.000000   0.574545
3.295052   90.087891  0.000000   0.574545
3.297552   90.087891  0.000000   0.574545
3.300052   90.087891  0.000000   0.574545
3.302552   90.087891  0.000000   0.574545
3.305052   90.087891  0.000000   0.574545
3.307552   90.087891  0.000000   0.574545
3.310052   90.087891  0.000000   0.574545
3.312552   90.087891  0.000000   0.574545
3.315052   90.087891  0.000000   0.574545
3.317552   90.087891  0.000000   0.574545
3.320052   90.087891  0.000000   0.574545
3.322552   90.087891  0.000000   0.574545
3.325052   90.087891  0.000000   0.574545
3.327552   90.087891  0.000000   0.574545
3.330052   90.087891  0.000000   0.574545
3.332552   90.087891  0.000000   0.574545
3.335052   90.087891  0.000000   0.574545
3.337553   90.087891  0.000000   0.574545
3.340053   90.087891  0.000000   0.574545
3.342553   90.087891  0.000000   0.574545
3.345053   90.087891  0.000000   0.574545
3.347553   90.088440  0.219727   0.568288
3.350053   90.087891  -0.219727   0.579159
3.352553   90.087891  0.000000   0.574545
3.355053   90.087891  0.000000   0.574545
3.357553   90.087891  0.000000   0.574545
3.360053   90.087891  0.000000   0.574545
3.362553   90.087891  0.000000   0.574545
3.365053   90.087891  0.000000   0.574545
3.367553   90.087891  0.000000   0.574545
3.370053   90.087891  0.000000   0.574545
3.372553   90.087891  0.000000   0.574545
3.375053   90.087891  0.000000   0.574545
3.377553   90.087891  0.000000   0.574545
3.380054   90.087891  0.000000   0.574545
3.382554   90.087891  0.000000   0.574545
3.385054   90.087891  0.000000   0.574545
3.387554   90.087891  0.000000   0.574545
3.390054   90.087891  0.000000   0.574545
3.392554   90.087891  0.000000   0.574545
3.395054   90.087891  0.000000   0.574545
3.397554   90.087891  0.000000   0.574545
3.400054   90.087891  0.000000   0.574545
3.402554   90.087891  0.000000   0.574545
3.405054   90.087891  0.000000   0.574545
3.407554   90.087891  0.000000   0.574545
3.410054   90.087891  0.000000   0.574545
3.412554   90.087891  0.000000   0.574545
3.415054   90.087891  0.000000   0.574545
3.417554   90.087891  0.000000   0.574545
3.420054   90.087891  0.000000   0.574545
3.422554   90.087891  0.000000   0.574545
3.425055   90.087891  0.000000   0.574545
3.427555   90.087891  0.000000   0.574545
3.430055   90.087891  0.000000   0.574545
3.432555   90.087891  0.000000   0.574545
3.435055   90.087891  0.000000   0.574545
3.437555   90.087891  0.000000   0.574545
3.440055   90.087891  0.000000   0.574545
3.442555   90.087891  0.000000   0.574545
3.445055   90.087891  0.000000   0.574545
3.447555   90.087891  0.000000   0.574545
3.450055   90.087891  0.000000   0.574545
3.452555   90.087891  0.000000   0.574545
3.455055   90.088440  0.219727   0.568288
3.457555   90.087891  -0.219727   0.579159
3.460055   90.087891  0.000000   0.574545
3.462555   90.087891  0.000000   0.574545
3.465055   90.087891  0.000000   0.574545
3.467556   90.087891  0.000000   0.574545
3.470056   90.087891  0.000000   0.574545
3.472556   90.087891  0.000000   0.574545
3.475056   90.087891  0.000000   0.574545
3.477556   90.087891  0.000000   0.574545
3.480056   90.087891  0.000000   0.574545
3.482556   90.087891  0.000000   0.574545
3.485056   90.087891  0.000000   0.574545
3.487556   90.087891  0.000000   0.574545
3.490056   90.087891  0.000000   0.574545
3.492556   90.087891  0.000000   0.574545
3.495056   90.087891  0.000000   0.574545
3.497556   90.087891  0.000000   0.574545
3.500056   90.087891  0.000000   0.574545
3.502556   90.087891  0.000000   0.574545
3.505056   90.087891  0.000000   0.574545
3.507556   90.087891  0.000000   0.574545
3.510056   90.087891  0.000000   0.574545
3.512557   90.087891  0.000000   0.574545
3.515057   90.087891  0.000000   0.574545
3.517557   90.087891  0.000000   0.574545
3.520057   90.087891  0.000000   0.574545
3.522557   90.087891  0.000000   0.574545
3.525057   90.087891  0.000000   0.574545
3.527557   90.087891  0.000000   0.574545
3.530057   90.087891  0.000000   0.574545
3.532557   90.087891  0.000000   0.574545
3.535057   90.087891  0.000000   0.574545
3.537557   90.087891  0.000000   0.574545
3.540057   90.087891  0.000000   0.574545
3.542557   90.087891  0.000000   0.574545
3.545057   90.087891  0.000000   0.574545
3.547557   90.088440  0.219727   0.568288
3.550057   90.087891  -0.219727   0.579159
3.552557   90.087891  0.000000   0.574545
3.555058   90.087891  0.000000   0.574545
3.557558   90.087891  0.000000   0.574545
3.560058   90.087891  0.000000   0.574545
3.562558   90.087891  0.000000   0.574545
3.565058   90.087891  0.000000   0.574545
3.567558   90.087891  0.000000   0.574545
3.570058   90.087891  0.000000   0.574545
3.572558   90.087891  0.000000   0.574545
3.575058   90.087891  0.000000   0.574545
3.577558   90.087891  0.000000   0.574545
3.580058   90.087891  0.000000   0.574545
3.582558   90.087891  0.000000   0.574545
3.585058   90.087891  0.000000   0.574545
3.587558   90.087891  0.000000   0.574545
3.590058   90.087891  0.000000   0.574545
3.592558   90.087891  0.000000   0.574545
3.595058   90.087891  0.000000   0.574545
3.597558   90.087891  0.000000   0.574545
3.600059   90.087891  0.000000   0.574545
3.602559   90.087891  0.000000   0.574545
3.605059   90.087891  0.000000   0.574545
3.607559   90.087891  0.000000   0.574545
3.610059   90.087891  0.000000   0.574545
3.612559   90.087891  0.000000   0.574545
3.615059   90.087891  0.000000   0.574545
3.617559   90.087891  0.000000   0.574545
3.620059   90.087891  0.000000   0.574545
3.622559   90.087891  0.000000   0.574545
3.625059   90.087891  0.000000   0.574545
3.627559   90.087891  0.000000   0.574545
3.630059   90.087891  0.000000   0.574545
3.632559   90.087891  0.000000   0.574545
3.635059   90.087891  0.000000   0.574545
3.637559   90.087891  0.000000   0.574545
3.640059   90.087891  0.000000   0.574545
3.642560   90.087891  0.000000   0.574545
3.645060   90.087891  0.000000   0.574545
3.647560   90.087891  0.000000   0.574545
3.650060   90.088440  0.219727   0.568288
3.652560   90.087891  -0.219727   0.579159
3.655060   90.087891  0.000000   0.574545
3.657560   90.087891  0.000000   0.574545
3.660060   90.087891  0.000000   0.574545
3.662560   90.087891  0.000000   0.574545
3.665060   90.088440  0.219727   0.568288
3.667560   90.087891  -0.219727   0.579159
3.670060   90.087891  0.000000   0.574545
3.672560   90.087891  0.000000   0.574545
3.675060   90.087891  0.000000   0.574545
3.677560   90.087891  0.000000   0.574545
3.680060   90.087891  0.000000   0.574545
3.682560   90.087891  0.000000   0.574545
3.685061   90.087891  0.000000   0.574545
3.687561   90.087891  0.000000   0.574545
3.690061   90.087891  0.000000   0.574545
3.692561   90.087891  0.000000   0.574545
3.695061   90.087891  0.000000   0.574545
3.697561   90.087891  0.000000   0.574545
3.700061   90.087891  0.000000   0.574545
3.702561   90.087891  0.000000   0.574545
3.705061   90.087891  0.000000   0.574545
3.707561   90.088440  0.219727   0.568288
3.710061   90.087891  -0.219727   0.579159
3.712561   90.087891  0.000000   0.574545
3.715061   90.087891  0.000000   0.574545
3.717561   90.087891  0.000000   0.574545
3.720061   90.087891  0.000000   0.574545
3.722561   90.087891  0.000000   0.574545
3.725061   90.087891  0.000000   0.574545
3.727561   90.087891  0.000000   0.574545
3.730062   90.087891  0.000000   0.574545
3.732562   90.087891  0.000000   0.574545
3.735062   90.087891  0.000000   0.574545
3.737562   90.087891  0.000000   0.574545
3.740062   90.087891  0.000000   0.574545
3.742562   90.087891  0.000000   0.574545
3.745062   90.087891  0.000000   0.574545
3.747562   90.087891  0.000000   0.574545
3.750062   90.087891  0.000000   0.574545
3.752562   90.087891  0.000000   0.574545
3.755062   90.087891  0.000000   0.574545
3.757562   90.087891  0.000000   0.574545
3.760062   90.087891  0.000000   0.574545
3.762562   90.087891  0.000000   0.574545
3.765062   90.087891  0.000000   0.574545
3.767562   90.087891  0.000000   0.574545
3.770062   90.087891  0.000000   0.574545
3.772563   90.087891  0.000000   0.574545
3.775063   90.087891  0.000000   0.574545
3.777563   90.087891  0.000000   0.574545
3.780063   90.087891  0.000000   0.574545
3.782563   90.087891  0.000000   0.574545
3.785063   90.087891  0.000000   0.574545
3.787563   90.087891  0.000000   0.574545
3.790063   90.087891  0.000000   0.574545
3.792563   90.087891  0.000000   0.574545
3.795063   90.087891  0.000000   0.574545
3.797563   90.087891  0.000000   0.574545
3.800063   90.087891  0.000000   0.574545
3.802563   90.087891  0.000000   0.574545
3.805063   90.087891  0.000000   0.574545
3.807563   90.087891  0.000000   0.574545
3.810063   90.087891  0.000000   0.574545
3.812563   90.087891  0.000000   0.574545
3.815063   90.087891  0.000000   0.574545
3.817564   90.087891  0.000000   0.574545
3.820064   90.087891  0.000000   0.574545
3.822564   90.087891  0.000000   0.574545
3.825064   90.087891  0.000000   0.574545
3.827564   90.087891  0.000000   0.574545
3.830064   90.087891  0.000000   0.574545
3.832564   90.087891  0.000000   0.574545
3.835064   90.087891  0.000000   0.574545
3.837564   90.087891  0.000000   0.574545
3.840064   90.087891  0.000000   0.574545
3.842564   90.087891  0.000000   0.574545
3.845064   90.087891  0.000000   0.574545
3.847564   90.087891  0.000000   0.574545
3.850064   90.087891  0.000000   0.574545
3.852564   90.087891  0.000000   0.574545
3.855064   90.087891  0.000000   0.574545
3.857564   90.087891  0.000000   0.574545
3.860065   90.087891  0.000000   0.574545
3.862565   90.087891  0.000000   0.574545
3.865065   90.087891  0.000000   0.574545
3.867565   90.087891  0.000000   0.574545
3.870065   90.087891  0.000000   0.574545
3.872565   90.087891  0.000000   0.574545
3.875065   90.087891  0.000000   0.574545
3.877565   90.087891  0.000000   0.574545
3.880065   90.087891  0.000000   0.574545
3.882565   90.087891  0.000000   0.574545
3.885065   90.087891  0.000000   0.574545
3.887565   90.087891  0.000000   0.574545
3.890065   90.087891  0.000000   0.574545
3.892565   90.087891  0.000000   0.574545
3.895065   90.087891  0.000000   0.574545
3.897565   90.087891  0.000000   0.574545
3.900065   90.087891  0.000000   0.574545
3.902565   90.087891  0.000000   0.574545
3.905066   90.087891  0.000000   0.574545
3.907566   90.087891  0.000000   0.574545
3.910066   90.087891  0.000000   0.574545
3.912566   90.087891  0.000000   0.574545
3.915066   90.087891  0.000000   0.574545
3.917566   90.087891  0.000000   0.574545
3.920066   90.087891  0.000000   0.574545
3.922566   90.087891  0.000000   0.574545
3.925066   90.087891  0.000000   0.574545
3.927566   90.087891  0.000000   0.574545
3.930066   90.087891  0.000000   0.574545
3.932566   90.087891  0.000000   0.574545
3.935066   90.087891  0.000000   0.574545
3.937566   90.087891  0.000000   0.574545
3.940066   90.087891  0.000000   0.574545
3.942566   90.087891  0.000000   0.574545
3.945066   90.087891  0.000000   0.574545
3.947567   90.087891  0.000000   0.574545
3.950067   90.087891  0.000000   0.574545
3.952567   90.087891  0.000000   0.574545
3.955067   90.087891  0.000000   0.574545
3.957567   90.087891  0.000000   0.574545
3.960067   90.087891  0.000000   0.574545
3.962567   90.087891  0.000000   0.574545
3.965067   90.087891  0.000000   0.574545
3.967567   90.087891  0.000000   0.574545
3.970067   90.087891  0.000000   0.574545
3.972567   90.087891  0.000000   0.574545
3.975067   90.087891  0.000000   0.574545
3.977567   90.087891  0.000000   0.574545
3.980067   90.087891  0.000000   0.574545
3.982567   90.087891  0.000000   0.574545
3.985067   90.087891  0.000000   0.574545
3.987567   90.087891  0.000000   0.574545
3.990067   90.087891  0.000000   0.574545
3.992568   90.087891  0.000000   0.574545
3.995068   90.087891  0.000000   0.574545
3.997568   90.087891  0.000000   0.574545
4.000068   90.087891  0.000000   0.574545
4.002568   90.087891  0.000000   0.574545
4.005068   90.087891  0.000000   0.574545
4.007568   90.087891  0.000000   0.574545
4.010068   90.087891  0.000000   0.574545
4.012568   90.087891  0.000000   0.574545
4.015068   90.087891  0.000000   0.574545
4.017568   90.087891  0.000000   0.574545
4.020068   90.087891  0.000000   0.574545
4.022568   90.087891  0.000000   0.574545
4.025068   90.087891  0.000000   0.574545
4.027568   90.087891  0.000000   0.574545
4.030068   90.087891  0.000000   0.574545
4.032568   90.087891  0.000000   0.574545
4.035069   90.087891  0.000000   0.574545
4.037569   90.087891  0.000000   0.574545
4.040069   90.087891  0.000000   0.574545
4.042569   90.087891  0.000000   0.574545
4.045069   90.087891  0.000000   0.574545
4.047569   90.087891  0.000000   0.574545
4.050069   90.087891  0.000000   0.574545
4.052569   90.087891  0.000000   0.574545
4.055069   90.087891  0.000000   0.574545
4.057569   90.087891  0.000000   0.574545
4.060069   90.087891  0.000000   0.574545
4.062569   90.087891  0.000000   0.574545
4.065069   90.087891  0.000000   0.574545
4.067569   90.087891  0.000000   0.574545
4.070069   90.087891  0.000000   0.574545
4.072569   90.087891  0.000000   0.574545
4.075069   90.087891  0.000000   0.574545
4.077569   90.087891  0.000000   0.574545
4.080070   90.087891  0.000000   0.574545
4.082570   90.087891  0.000000   0.574545
4.085070   90.087891  0.000000   0.574545
4.087570   90.087891  0.000000   0.574545
4.090070   90.087891  0.000000   0.574545
4.092570   90.087891  0.000000   0.574545
4.095070   90.087891  0.000000   0.574545
4.097570   90.087891  0.000000   0.574545
4.100070   90.087891  0.000000   0.574545
4.102570   90.087891  0.000000   0.574545
4.105070   90.087891  0.000000   0.574545
4.107570   90.087891  0.000000   0.574545
4.110070   90.087891  0.000000   0.574545
4.112570   90.087891  0.000000   0.574545
4.115070   90.087891  0.000000   0.574545
4.117570   90.087891  0.000000   0.574545
4.120070   90.087891  0.000000   0.574545
4.122571   90.087891  0.000000   0.574545
4.125071   90.087891  0.000000   0.574545
4.127571   90.087891  0.000000   0.574545
4.130071   90.087891  0.000000   0.574545
4.132571   90.087891  0.000000   0.574545
4.135071   90.087891  0.000000   0.574545
4.137571   90.087891  0.000000   0.574545
4.140071   90.087891  0.000000   0.574545
4.142571   90.087891  0.000000   0.574545
4.145071   90.087891  0.000000   0.574545
4.147571   90.087891  0.000000   0.574545
4.150071   90.087891  0.000000   0.574545
4.152571   90.087891  0.000000   0.574545
4.155071   90.087891  0.000000   0.574545
4.157571   90.087891  0.000000   0.574545
4.160071   90.087891  0.000000   0.574545
4.162571   90.087891  0.000000   0.574545
4.165071   90.087891  0.000000   0.574545
4.167572   90.087891  0.000000   0.574545
4.170072   90.087891  0.000000   0.574545
4.172572   90.087891  0.000000   0.574545
4.175072   90.087891  0.000000   0.574545
4.177572   90.087891  0.000000   0.574545
4.180072   90.087891  0.000000   0.574545
4.182572   90.087891  0.000000   0.574545
4.185072   90.087891  0.000000   0.574545
4.187572   90.087891  0.000000   0.574545
4.190072   90.087891  0.000000   0.574545
4.192572   90.087891  0.000000   0.574545
4.195072   90.087891  0.000000   0.574545
4.197572   90.087891  0.000000   0.574545
4.200072   90.087891  0.000000   0.574545
4.202572   90.087891  0.000000   0.574545
4.205072   90.088440  0.219727   0.568288
4.207572   90.087891  -0.219727   0.579159
4.210073   90.087891  0.000000   0.574545
4.212573   90.087891  0.000000   0.574545
4.215073   90.087891  0.000000   0.574545
4.217573   90.087891  0.000000   0.574545
4.220073   90.087891  0.000000   0.574545
4.222573   90.087891  0.000000   0.574545
4.225073   90.087891  0.000000   0.574545
4.227573   90.087891  0.000000   0.574545
4.230073   90.087891  0.000000   0.574545
4.232573   90.087891  0.000000   0.574545
4.235073   90.087891  0.000000   0.574545
4.237573   90.087891  0.000000   0.574545
4.240073   90.087891  0.000000   0.574545
4.242573   90.087891  0.000000   0.574545
4.245073   90.087891  0.000000   0.574545
4.247573   90.087891  0.000000   0.574545
4.250073   90.087891  0.000000   0.574545
4.252573   90.087891  0.000000   0.574545
4.255074   90.087891  0.000000   0.574545
4.257574   90.087891  0.000000   0.574545
4.260074   90.087891  0.000000   0.574545
4.262574   90.087891  0.000000   0.574545
4.265074   90.087891  0.000000   0.574545
4.267574   90.087891  0.000000   0.574545
4.270074   90.087891  0.000000   0.574545
4.272574   90.087891  0.000000   0.574545
4.275074   90.087891  0.000000   0.574545
4.277574   90.087891  0.000000   0.574545
4.280074   90.087891  0.000000   0.574545
4.282574   90.087891  0.000000   0.574545
4.285074   90.087891  0.000000   0.574545
4.287574   90.087891  0.000000   0.574545
4.290074   90.087891  0.000000   0.574545
4.292574   90.087891  0.000000   0.574545
4.295074   90.087891  0.000000   0.574545
4.297575   90.087891  0.000000   0.574545
4.300075   90.087891  0.000000   0.574545
4.302575   90.087891  0.000000   0.574545
4.305075   90.087891  0.000000   0.574545
4.307575   90.087891  0.000000   0.574545
4.310075   90.087891  0.000000   0.574545
4.312575   90.087891  0.000000   0.574545
4.315075   90.087891  0.000000   0.574545
4.317575   90.087891  0.000000   0.574545
4.320075   90.087891  0.000000   0.574545
4.322575   90.087891  0.000000   0.574545
4.325075   90.087891  0.000000   0.574545
4.327575   90.087891  0.000000   0.574545
4.330075   90.087891  0.000000   0.574545
4.332575   90.087891  0.000000   0.574545
4.335075   90.087891  0.000000   0.574545
4.337575   90.087891  0.000000   0.574545
4.340075   90.087891  0.000000   0.574545
4.342576   90.087891  0.000000   0.574545
4.345076   90.087891  0.000000   0.574545
4.347576   90.087891  0.000000   0.574545
4.350076   90.087891  0.000000   0.574545
4.352576   90.087891  0.000000   0.574545
4.355076   90.087891  0.000000   0.574545
4.357576   90.087891  0.000000   0.574545
4.360076   90.087891  0.000000   0.574545
4.362576   90.087891  0.000000   0.574545
4.365076   90.087891  0.000000   0.574545
4.367576   90.087891  0.000000   0.574545
4.370076   90.087891  0.000000   0.574545
4.372576   90.087891  0.000000   0.574545
4.375076   90.087891  0.000000   0.574545
4.377576   90.087891  0.000000   0.574545
4.380076   90.087891  0.000000   0.574545
4.382576   90.087891  0.000000   0.574545
4.385077   90.087891  0.000000   0.574545
4.387577   90.087891  0.000000   0.574545
4.390077   90.087891  0.000000   0.574545
4.392577   90.087891  0.000000   0.574545
4.395077   90.087891  0.000000   0.574545
4.397577   90.087891  0.000000   0.574545
4.400077   90.087891  0.000000   0.574545
4.402577   90.087891  0.000000   0.574545
4.405077   90.087891  0.000000   0.574545
4.407577   90.087891  0.000000   0.574545
4.410077   90.087891  0.000000   0.574545
4.412577   90.087891  0.000000   0.574545
4.415077   90.087891  0.000000   0.574545
4.417577   90.087891  0.000000   0.574545
4.420077   90.087891  0.000000   0.574545
4.422577   90.087891  0.000000   0.574545
4.425077   90.087891  0.000000   0.574545
4.427577   90.087891  0.000000   0.574545
4.430078   90.087891  0.000000   0.574545
4.432578   90.087891  0.000000   0.574545
4.435078   90.087891  0.000000   0.574545
4.437578   90.087891  0.000000   0.574545
4.440078   90.087891  0.000000   0.574545
4.442578   90.087891  0.000000   0.574545
4.445078   90.087891  0.000000   0.574545
4.447578   90.087891  0.000000   0.574545
4.450078   90.087891  0.000000   0.574545
4.452578   90.087891  0.000000   0.574545
4.455078   90.087891  0.000000   0.574545
4.457578   90.087891  0.000000   0.574545
4.460078   90.087891  0.000000   0.574545
4.462578   90.087891  0.000000   0.574545
4.465078   90.087891  0.000000   0.574545
4.467578   90.087891  0.000000   0.574545
4.470078   90.087891  0.000000   0.574545
4.472579   90.087891  0.000000   0.574545
4.475079   90.087891  0.000000   0.574545
4.477579   90.087891  0.000000   0.574545
4.480079   90.087891  0.000000   0.574545
4.482579   90.087891  0.000000   0.574545
4.485079   90.087891  0.000000   0.574545
4.487579   90.087891  0.000000   0.574545
4.490079   90.087891  0.000000   0.574545
4.492579   90.087891  0.000000   0.574545
4.495079   90.087891  0.000000   0.574545
4.497579   90.087891  0.000000   0.574545
4.500079   90.087891  0.000000   0.574545
4.502579   90.087891  0.000000   0.574545
4.505079   90.087891  0.000000   0.574545
4.507579   90.087891  0.000000   0.574545
4.510079   90.087891  0.000000   0.574545
4.512579   90.087891  0.000000   0.574545
4.515079   90.087891  0.000000   0.574545
4.517580   90.087891  0.000000   0.574545
4.520080   90.087891  0.000000   0.574545
4.522580   90.087891  0.000000   0.574545
4.525080   90.087891  0.000000   0.574545
4.527580   90.087891  0.000000   0.574545
4.530080   90.087891  0.000000   0.574545
4.532580   90.087891  0.000000   0.574545
4.535080   90.087891  0.000000   0.574545
4.537580   90.087891  0.000000   0.574545
4.540080   90.087891  0.000000   0.574545
4.542580   90.087891  0.000000   0.574545
4.545080   90.087891  0.000000   0.574545
4.547580   90.087891  0.000000   0.574545
4.550080   90.087891  0.000000   0.574545
4.552580   90.087891  0.000000   0.574545
4.555080   90.087891  0.000000   0.574545
4.557580   90.087891  0.000000   0.574545
4.560081   90.087891  0.000000   0.574545
4.562581   90.087891  0.000000   0.574545
4.565081   90.087891  0.000000   0.574545
4.567581   90.087891  0.000000   0.574545
4.570081   90.087891  0.000000   0.574545
4.572581   90.087891  0.000000   0.574545
4.575081   90.087891  0.000000   0.574545
4.577581   90.087891  0.000000   0.574545
4.580081   90.087891  0.000000   0.574545
4.582581   90.087891  0.000000   0.574545
4.585081   90.087891  0.000000   0.574545
4.587581   90.087891  0.000000   0.574545
4.590081   90.087891  0.000000   0.574545
4.592581   90.087891  0.000000   0.574545
4.595081   90.087891  0.000000   0.574545
4.597581   90.087891  0.000000   0.574545
4.600081   90.087891  0.000000   0.574545
4.602582   90.087891  0.000000   0.574545
4.605082   90.087891  0.000000   0.574545
4.607582   90.087891  0.000000   0.574545
4.610082   90.087891  0.000000   0.574545
4.612582   90.087891  0.000000   0.574545
4.615082   90.087891  0.000000   0.574545
4.617582   90.087891  0.000000   0.574545
4.620082   90.087891  0.000000   0.574545
4.622582   90.087891  0.000000   0.574545
4.625082   90.087891  0.000000   0.574545
4.627582   90.087891  0.000000   0.574545
4.630082   90.087891  0.000000   0.574545
4.632582   90.087891  0.000000   0.574545
4.635082   90.087891  0.000000   0.574545
4.637582   90.087891  0.000000   0.574545
4.640082   90.087891  0.000000   0.574545
4.642582   90.087891  0.000000   0.574545
4.645082   90.087891  0.000000   0.574545
4.647583   90.087891  0.000000   0.574545
4.650083   90.087891  0.000000   0.574545
4.652583   90.087891  0.000000   0.574545
4.655083   90.087891  0.000000   0.574545
4.657583   90.087891  0.000000   0.574545
4.660083   90.087891  0.000000   0.574545
4.662583   90.087891  0.000000   0.574545
4.665083   90.087891  0.000000   0.574545
4.667583   90.087891  0.000000   0.574545
4.670083   90.087891  0.000000   0.574545
4.672583   90.087891  0.000000   0.574545
4.675083   90.087891  0.000000   0.574545
4.677583   90.087891  0.000000   0.574545
4.680083   90.087891  0.000000   0.574545
4.682583   90.087891  0.000000   0.574545
4.685083   90.087891  0.000000   0.574545
4.687583   90.087891  0.000000   0.574545
4.690084   90.087891  0.000000   0.574545
4.692584   90.087891  0.000000   0.574545
4.695084   90.087891  0.000000   0.574545
4.697584   90.087891  0.000000   0.574545
4.700084   90.087891  0.000000   0.574545
4.702584   90.087891  0.000000   0.574545
4.705084   90.087891  0.000000   0.574545
4.707584   90.087891  0.000000   0.574545
4.710084   90.087891  0.000000   0.574545
4.712584   90.087891  0.000000   0.574545
4.715084   90.087891  0.000000   0.574545
4.717584   90.087891  0.000000   0.574545
4.720084   90.087891  0.000000   0.574545
4.722584   90.087891  0.000000   0.574545
4.725084   90.087891  0.000000   0.574545
4.727584   90.087891  0.000000   0.574545
4.730084   90.087891  0.000000   0.574545
4.732584   90.087891  0.000000   0.574545
4.735085   90.087891  0.000000   0.574545
4.737585   90.087891  0.000000   0.574545
4.740085   90.087891  0.000000   0.574545
4.742585   90.087891  0.000000   0.574545
4.745085   90.087891  0.000000   0.574545
4.747585   90.087891  0.000000   0.574545
4.750085   90.087891  0.000000   0.574545
4.752585   90.087891  0.000000   0.574545
4.755085   90.087891  0.000000   0.574545
4.757585   90.087891  0.000000   0.574545
4.760085   90.087891  0.000000   0.574545
4.762585   90.087891  0.000000   0.574545
4.765085   90.087891  0.000000   0.574545
4.767585   90.087891  0.000000   0.574545
4.770085   90.087891  0.000000   0.574545
4.772585   90.087891  0.000000   0.574545
4.775085   90.087891  0.000000   0.574545
4.777586   90.087891  0.000000   0.574545
4.780086   90.087891  0.000000   0.574545
4.782586   90.087891  0.000000   0.574545
4.785086   90.087891  0.000000   0.574545
4.787586   90.087891  0.000000   0.574545
4.790086   90.087891  0.000000   0.574545
4.792586   90.087891  0.000000   0.574545
4.795086   90.087891  0.000000   0.574545
4.797586   90.087891  0.000000   0.574545
4.800086   90.087891  0.000000   0.574545
4.802586   90.087891  0.000000   0.574545
4.805086   90.087891  0.000000   0.574545
4.807586   90.087891  0.000000   0.574545
4.810086   90.087891  0.000000   0.574545
4.812586   90.087891  0.000000   0.574545
4.815086   90.087891  0.000000   0.574545
4.817586   90.087891  0.000000   0.574545
4.820086   90.087891  0.000000   0.574545
4.822587   90.087891  0.000000   0.574545
4.825087   90.087891  0.000000   0.574545
4.827587   90.087891  0.000000   0.574545
4.830087   90.087891  0.000000   0.574545
4.832587   90.087891  0.000000   0.574545
4.835087   90.087891  0.000000   0.574545
4.837587   90.087891  0.000000   0.574545
4.840087   90.087891  0.000000   0.574545
4.842587   90.087891  0.000000   0.574545
4.845087   90.087891  0.000000   0.574545
4.847587   90.087891  0.000000   0.574545
4.850087   90.087891  0.000000   0.574545
4.852587   90.087891  0.000000   0.574545
4.855087   90.087891  0.000000   0.574545
4.857587   90.087891  0.000000   0.574545
4.860087   90.087891  0.000000   0.574545
4.862587   90.087891  0.000000   0.574545
4.865088   90.087891  0.000000   0.574545
4.867588   90.087891  0.000000   0.574545
4.870088   90.087891  0.000000   0.574545
4.872588   90.087891  0.000000   0.574545
4.875088   90.087891  0.000000   0.574545
4.877588   90.087891  0.000000   0.574545
4.880088   90.087891  0.000000   0.574545
4.882588   90.087891  0.000000   0.574545
4.885088   90.087891  0.000000   0.574545
4.887588   90.087891  0.000000   0.574545
4.890088   90.087891  0.000000   0.574545
4.892588   90.087891  0.000000   0.574545
4.895088   90.087891  0.000000   0.574545
4.897588   90.087891  0.000000   0.574545
4.900088   90.087891  0.000000   0.574545
4.902588   90.087891  0.000000   0.574545
4.905088   90.087891  0.000000   0.574545
4.907588   90.087891  0.000000   0.574545
4.910089   90.087891  0.000000   0.574545
4.912589   90.087891  0.000000   0.574545
4.915089   90.087891  0.000000   0.574545
4.917589   90.087891  0.000000   0.574545
4.920089   90.087891  0.000000   0.574545
4.922589   90.087891  0.000000   0.574545
4.925089   90.087891  0.000000   0.574545
4.927589   90.087891  0.000000   0.574545
4.930089   90.087891  0.000000   0.574545
4.932589   90.087891  0.000000   0.574545
4.935089   90.087891  0.000000   0.574545
4.937589   90.087891  0.000000   0.574545
4.940089   90.087891  0.000000   0.574545
4.942589   90.087891  0.000000   0.574545
4.945089   90.087891  0.000000   0.574545
4.947589   90.087891  0.000000   0.574545
4.950089   90.087891  0.000000   0.574545
4.952590   90.087891  0.000000   0.574545
4.955090   90.087891  0.000000   0.574545
4.957590   90.087891  0.000000   0.574545
4.960090   90.087891  0.000000   0.574545
4.962590   90.087891  0.000000   0.574545
4.965090   90.087891  0.000000   0.574545
4.967590   90.087891  0.000000   0.574545
4.970090   90.087891  0.000000   0.574545
4.972590   90.087891  0.000000   0.574545
4.975090   90.087891  0.000000   0.574545
4.977590   90.087891  0.000000   0.574545
4.980090   90.087891  0.000000   0.574545
4.982590   90.087891  0.000000   0.574545
4.985090   90.087891  0.000000   0.574545
4.987590   90.087891  0.000000   0.574545
4.990090   90.087891  0.000000   0.574545
4.992590   90.087891  0.000000   0.574545
4.995090   90.087891  0.000000   0.574545
4.997591   90.087891  0.000000   0.574545
5.000091   90.087891  0.000000   0.574545
