0.000000   -0.001648  -0.659180   3.017681
0.002500   -0.001648  0.000000   2.997906
0.005000   -0.001648  0.000000   2.997906
0.007500   0.006042  3.076172   2.905967
0.010000   0.029114  9.228516   2.723003
0.012500   0.063721  13.842773   2.587552
0.015000   0.106018  16.918945   2.498842
0.017500   0.155457  19.775391   2.417591
0.020000   0.214783  23.730469   2.306165
0.022500   0.286194  28.564453   2.172705
0.025000   0.371338  34.057617   2.025568
0.027500   0.459778  35.375977   1.992958
0.030000   0.548218  35.375977   1.995562
0.032500   0.643799  38.232422   1.923391
0.035000   0.740479  38.671875   1.914923
0.037500   0.834961  37.792969   1.940656
0.040000   0.936035  40.429688   1.875581
0.042500   1.039307  41.308594   1.856322
0.045000   1.137085  39.111328   1.915610
0.047500   1.235962  39.550781   1.907358
0.050000   1.338135  40.869141   1.876869
0.052500   1.439758  40.649414   1.885751
0.055000   1.545776  42.407227   1.844561
0.057500   1.654541  43.505859   1.820586
0.060000   1.764954  44.165039   1.807784
0.062500   1.875366  44.165039   1.811384
0.065000   1.987976  45.043945   1.793331
0.067500   2.105530  47.021484   1.748787
0.070000   2.217590  44.824219   1.806203
0.072500   2.330200  45.043945   1.804545
0.075000   2.443909  45.483398   1.797602
0.077500   2.558167  45.703125   1.796068
0.080000   2.681213  49.218750   1.715273
0.082500   2.804810  49.438477   1.714152
0.085000   2.930603  50.317383   1.697520
0.087500   3.058594  51.196289   1.681089
0.090000   3.194824  54.492188   1.609808
0.092500   3.333801  55.590820   1.589597
0.095000   3.467834  53.613281   1.638578
0.097500   3.605164  54.931641   1.613187
0.100000   3.746887  56.689453   1.578578
0.102500   3.887512  56.250000   1.592808
0.105000   4.025391  55.151367   1.621835
0.107500   4.161621  54.492188   1.641180
0.110000   4.295105  53.393555   1.670571
0.112500   4.431335  54.492188   1.650078
0.115000   4.563721  52.954102   1.689599
0.117500   4.695007  52.514648   1.704127
0.120000   4.824646  51.855469   1.723752
0.122500   4.958679  53.613281   1.687874
0.125000   5.085571  50.756836   1.758294
0.127500   5.209717  49.658203   1.788531
0.130000   5.336609  50.756836   1.767151
0.132500   5.469543  53.173828   1.715831
0.135000   5.604126  53.833008   1.705432
0.137500   5.739258  54.052734   1.705103
0.140000   5.879883  56.250000   1.660523
0.142500   6.027100  58.886719   1.607652
0.145000   6.174316  58.886719   1.612589
0.147500   6.320435  58.447266   1.627051
0.150000   6.463806  57.348633   1.655883
0.152500   6.613220  59.765625   1.608423
0.155000   6.762085  59.545898   1.618098
0.157500   6.907104  58.007813   1.656201
0.160000   7.052673  58.227539   1.656248
0.162500   7.204834  60.864258   1.604698
0.165000   7.351501  58.666992   1.656556
0.167500   7.495972  57.788086   1.680426
0.170000   7.644836  59.545898   1.647249
0.172500   7.798645  61.523438   1.610255
0.175000   7.945313  58.666992   1.676023
0.177500   8.089783  57.788086   1.699981
0.180000   8.235352  58.227539   1.695305
0.182500   8.381470  58.447266   1.695383
0.185000   8.525940  57.788086   1.714611
0.187500   8.670410  57.788086   1.719526
0.190000   8.818726  59.326172   1.691148
0.192500   8.968689  59.985352   1.682086
0.195000   9.115906  58.886719   1.710693
0.197500   9.261475  58.227539   1.729910
0.200000   9.414734  61.303711   1.669129
0.202500   9.566895  60.864258   1.683460
0.205000   9.716858  59.985352   1.707110
0.207500   9.864075  58.886719   1.735618
0.210000   10.017883  61.523438   1.684552
0.212500   10.165649  59.106445   1.740909
0.215000   10.312866  58.886719   1.750579
0.217500   10.466125  61.303711   1.704114
0.220000   10.622131  62.402344   1.686242
0.222500   10.773743  60.644531   1.728183
0.225000   10.924255  60.205078   1.742524
0.227500   11.079163  61.962891   1.710507
0.230000   11.235718  62.622070   1.701832
0.232500   11.394470  63.500977   1.688820
0.235000   11.554871  64.160156   1.680474
0.237500   11.720215  66.137695   1.645803
0.240000   11.881714  64.599609   1.681919
0.242500   12.039368  63.061523   1.718463
0.245000   12.199219  63.940430   1.705498
0.247500   12.360718  64.599609   1.697222
0.250000   12.516724  62.402344   1.747424
0.252500   12.672729  62.402344   1.752460
0.255000   12.834778  64.819336   1.708072
0.257500   12.990784  62.402344   1.762734
0.260000   13.142944  60.864258   1.799937
0.262500   13.299500  62.622070   1.768184
0.265000   13.459900  64.160156   1.741705
0.267500   13.613708  61.523438   1.801242
0.270000   13.768066  61.743164   1.801631
0.272500   13.930115  64.819336   1.743420
0.275000   14.088318  63.281250   1.779816
0.277500   14.248718  64.160156   1.766868
0.280000   14.412415  65.478516   1.745312
0.282500   14.581604  67.675781   1.706900
0.285000   14.748596  66.796875   1.729308
0.287500   14.917786  67.675781   1.717142
0.290000   15.093018  70.092773   1.675696
0.292500   15.263306  68.115234   1.718912
0.295000   15.431946  67.456055   1.736932
0.297500   15.603333  68.554688   1.720677
0.300000   15.769775  66.577148   1.764554
0.302500   15.932373  65.039063   1.800357
0.305000   16.094971  65.039063   1.805362
0.307500   16.260315  66.137695   1.788433
0.310000   16.421265  64.379883   1.828845
0.312500   16.578918  63.061523   1.860781
0.315000   16.742065  65.258789   1.820991
0.317500   16.904114  64.819336   1.834830
0.320000   17.063965  63.940430   1.857601
0.322500   17.230957  66.796875   1.805211
0.325000   17.401794  68.334961   1.780151
0.327500   17.568237  66.577148   1.819631
0.330000   17.736877  67.456055   1.807284
0.332500   17.914307  70.971680   1.744861
0.335000   18.086792  68.994141   1.787561
0.337500   18.262024  70.092773   1.771628
0.340000   18.446045  73.608398   1.711412
0.342500   18.624023  71.191406   1.761164
0.345000   18.798706  69.873047   1.791094
0.347500   18.977234  71.411133   1.767083
0.350000   19.154663  70.971680   1.780368
0.352500   19.326050  68.554688   1.831460
0.355000   19.500732  69.873047   1.811086
0.357500   19.672119  68.554688   1.841336
0.360000   19.839111  66.796875   1.880545
0.362500   20.006104  66.796875   1.885386
0.365000   20.180786  69.873047   1.830588
0.367500   20.349976  67.675781   1.877898
0.370000   20.519165  67.675781   1.882732
0.372500   20.696045  70.751953   1.828538
0.375000   20.866882  68.334961   1.879667
0.377500   21.037170  68.115234   1.888786
0.380000   21.212952  70.312500   1.851450
0.382500   21.390930  71.191406   1.839818
0.385000   21.564514  69.433594   1.877986
0.387500   21.741394  70.751953   1.857760
0.390000   21.919373  71.191406   1.854342
0.392500   22.095154  70.312500   1.875714
0.395000   22.272034  70.751953   1.872188
0.397500   22.454956  73.168945   1.832104
0.400000   22.631836  70.751953   1.881755
0.402500   22.810913  71.630859   1.870002
0.405000   22.997681  74.707031   1.818541
0.407500   23.177856  72.070313   1.871445
0.410000   23.356934  71.630859   1.884343
0.412500   23.542053  74.047852   1.844708
0.415000   23.720581  71.411133   1.897964
0.417500   23.899109  71.411133   1.902654
0.420000   24.086426  74.926758   1.843094
0.422500   24.266602  72.070313   1.899853
0.425000   24.444580  71.191406   1.920873
0.427500   24.626404  72.729492   1.896923
0.430000   24.803284  70.751953   1.938354
0.432500   24.978516  70.092773   1.955400
0.435000   25.160339  72.729492   1.910669
0.437500   25.338867  71.411133   1.939697
0.440000   25.515747  70.751953   1.956563
0.442500   25.697021  72.509766   1.928293
0.445000   25.884338  74.926758   1.888936
0.447500   26.070007  74.267578   1.905381
0.450000   26.262268  76.904297   1.863161
0.452500   26.455078  77.124023   1.863909
0.455000   26.644592  75.805664   1.891601
0.457500   26.837952  77.343750   1.869183
0.460000   27.033508  78.222656   1.858595
0.462500   27.223572  76.025391   1.901348
0.465000   27.417480  77.563477   1.878954
0.467500   27.604797  74.926758   1.929789
0.470000   27.788269  73.388672   1.961956
0.472500   27.973938  74.267578   1.950336
0.475000   28.159607  74.267578   1.954692
0.477500   28.340332  72.290039   1.995115
0.480000   28.528748  75.366211   1.943552
0.482500   28.714966  74.487305   1.963600
0.485000   28.899536  73.828125   1.979787
0.487500   29.088501  75.585938   1.952486
0.490000   29.278564  76.025391   1.948994
0.492500   29.465881  74.926758   1.972735
0.495000   29.663086  78.881836   1.907970
0.497500   29.859741  78.662109   1.915999
0.500000   30.054749  78.002930   1.931528
0.502500   30.255798  80.419922   1.894824
0.505000   30.451904  78.442383   1.932416
0.507500   30.645264  77.343750   1.955456
0.510000   30.847412  80.859375   1.900004
0.512500   31.042419  78.002930   1.952371
0.515000   31.235229  77.124023   1.971655
0.517500   31.435181  79.980469   1.926938
0.520000   31.627991  77.124023   1.979736
0.522500   31.823547  78.222656   1.964742
0.525000   32.024597  80.419922   1.931619
0.527500   32.220703  78.442383   1.969001
0.530000   32.417358  78.662109   1.969180
0.532500   32.618958  80.639648   1.939830
0.535000   32.816711  79.101563   1.969564
0.537500   33.019409  81.079102   1.940385
0.540000   33.218262  79.541016   1.969962
0.542500   33.411621  77.343750   2.011369
0.545000   33.609375  79.101563   1.985004
0.547500   33.806580  78.881836   1.992497
0.550000   34.002136  78.222656   2.007504
0.552500   34.207031  81.958008   1.948734
0.555000   34.409180  80.859375   1.970552
0.557500   34.611328  80.859375   1.974244
0.560000   34.821167  83.935547   1.928027
0.562500   35.026062  81.958008   1.963575
0.565000   35.234802  83.496094   1.942401
0.567500   35.445190  84.155273   1.935577
0.570000   35.651733  82.617188   1.963810
0.572500   35.862671  84.375000   1.939289
0.575000   36.069214  82.617188   1.970957
0.577500   36.270813  80.639648   2.006892
0.580000   36.479553  83.496094   1.963813
0.582500   36.681702  80.859375   2.010170
0.585000   36.882751  80.419922   2.020847
0.587500   37.089844  82.836914   1.984595
0.590000   37.292542  81.079102   2.016653
0.592500   37.500183  83.056641   1.987751
0.595000   37.710571  84.155273   1.973539
0.597500   37.918213  83.056641   1.994375
0.600000   38.131897  85.473633   1.959407
0.602500   38.344482  85.034180   1.969542
0.605000   38.558716  85.693359   1.962514
0.607500   38.781189  88.989258   1.915782
0.610000   38.995972  85.913086   1.965533
0.612500   39.210754  85.913086   1.968672
0.615000   39.425537  85.913086   1.971775
0.617500   39.635376  83.935547   2.005839
0.620000   39.853455  87.231445   1.957654
0.622500   40.065491  84.814453   1.997967
0.625000   40.275879  84.155273   2.011297
0.627500   40.493408  87.011719   1.969851
0.630000   40.706543  85.253906   1.999860
0.632500   40.927368  88.330078   1.955750
0.635000   41.143799  86.572266   1.985201
0.637500   41.359680  86.352539   1.991385
0.640000   41.582703  89.208984   1.951151
0.642500   41.799133  86.572266   1.993589
0.645000   42.017761  87.451172   1.982917
0.647500   42.234192  86.572266   1.998968
0.649999   42.447876  85.473633   2.018551
0.652499   42.668701  88.330078   1.977579
0.654999   42.886780  87.231445   1.996706
0.657499   43.109802  89.208984   1.969625
0.659999   43.336670  90.747070   1.949687
0.662499   43.558594  88.769531   1.981130
0.664999   43.789307  92.285156   1.932655
0.667499   44.013977  89.868164   1.969823
0.669999   44.242493  91.406250   1.949948
0.672499   44.472656  92.065430   1.942903
0.674999   44.696228  89.428711   1.983285
0.677499   44.923645  90.966797   1.963157
0.679999   45.142822  87.670898   2.013953
0.682499   45.365845  89.208984   1.993130
0.684999   45.590515  89.868164   1.985561
0.687499   45.811890  88.549805   2.007110
0.689999   46.039307  90.966797   1.973754
0.692499   46.263977  89.868164   1.991722
0.694999   46.491943  91.186523   1.974590
0.697499   46.723206  92.504883   1.957791
0.699999   46.950623  90.966797   1.981602
0.702499   47.187927  94.921875   1.928137
0.704999   47.421387  93.383789   1.951128
0.707499   47.658691  94.921875   1.931783
0.709999   47.892700  93.603516   1.951628
0.712499   48.121765  91.625977   1.981125
0.714999   48.358521  94.702148   1.939878
0.717499   48.589233  92.285156   1.975039
0.719999   48.827087  95.141602   1.937082
0.722499   49.059448  92.944336   1.968868
0.724999   49.291809  92.944336   1.970344
0.727499   49.528564  94.702148   1.947505
0.729999   49.761475  93.164063   1.970113
0.732499   50.003723  96.899414   1.920778
0.734999   50.241577  95.141602   1.945610
0.737499   50.480530  95.581055   1.940954
0.739999   50.715637  94.042969   1.963121
0.742499   50.947449  92.724609   1.982620
0.744999   51.185852  95.361328   1.947432
0.747499   51.419861  93.603516   1.972569
0.749999   51.660461  96.240234   1.937767
0.752499   51.897766  94.921875   1.956511
0.754999   52.140564  97.119141   1.928071
0.757499   52.385010  97.778320   1.920350
0.759999   52.626160  96.459961   1.938554
0.762499   52.875000  99.536133   1.899426
0.764999   53.119446  97.778320   1.922794
0.767499   53.370483  100.415039   1.889840
0.769999   53.612732  96.899414   1.935710
0.772499   53.852783  96.020508   1.948002
0.774999   54.093933  96.459961   1.942710
0.777499   54.333984  96.020508   1.949086
0.779999   54.580078  98.437500   1.917802
0.782499   54.819580  95.800781   1.952919
0.784999   55.065674  98.437500   1.918595
0.787499   55.307922  96.899414   1.938993
0.789999   55.559509  100.634766   1.891317
0.792499   55.807251  99.096680   1.910960
0.794999   56.055542  99.316406   1.908333
0.797499   56.307129  100.634766   1.891840
0.799999   56.552673  98.217773   1.922631
0.802499   56.805908  101.293945   1.883748
0.804999   57.053101  98.876953   1.914130
0.807499   57.307434  101.733398   1.878222
0.809999   57.555176  99.096680   1.911101
0.812499   57.811157  102.392578   1.869851
0.814999   58.062744  100.634766   1.891252
0.817499   58.312683  99.975586   1.899228
0.819999   58.567017  101.733398   1.877020
0.822499   58.819702  101.074219   1.884749
0.824999   59.079529  103.930664   1.849653
0.827499   59.328918  99.755859   1.900297
0.829999   59.583801  101.953125   1.872410
0.832499   59.832642  99.536133   1.901911
0.834999   60.089722  102.832031   1.860453
0.837499   60.341309  100.634766   1.886696
0.839999   60.595642  101.733398   1.872328
0.842499   60.849976  101.733398   1.871495
0.844999   61.105957  102.392578   1.862561
0.847499   61.368530  105.029297   1.830224
0.849999   61.626160  103.051758   1.852643
0.852499   61.893677  107.006836   1.805451
0.854999   62.152405  103.491211   1.845184
0.857499   62.418823  106.567383   1.808128
0.859999   62.675903  102.832031   1.850688
0.862499   62.939026  105.249023   1.820785
0.864999   63.196655  103.051758   1.845429
0.867499   63.460327  105.468750   1.815506
0.869999   63.717407  102.832031   1.845238
0.872499   63.979431  104.809570   1.820242
0.874999   64.242004  105.029297   1.816114
0.877499   64.507874  106.347656   1.799266
0.879999   64.774841  106.787109   1.792561
0.882499   65.037964  105.249023   1.808477
0.884999   65.303833  106.347656   1.794022
0.887499   65.564209  104.150391   1.817711
0.889999   65.835022  108.325195   1.767996
0.892499   66.097046  104.809570   1.806049
0.894999   66.367859  108.325195   1.763985
0.897499   66.632080  105.688477   1.791708
0.899999   66.905090  109.204102   1.750062
0.902499   67.175354  108.105469   1.759926
0.904999   67.448914  109.423828   1.743135
0.907499   67.719177  108.105469   1.755302
0.909999   67.995483  110.522461   1.726533
0.912499   68.261902  106.567383   1.767734
0.914999   68.534912  109.204102   1.735820
0.917499   68.802429  107.006836   1.757685
0.919999   69.075439  109.204102   1.730646
0.922499   69.343506  107.226563   1.749899
0.924999   69.613220  107.885742   1.739765
0.927499   69.885132  108.764648   1.727222
0.929999   70.162537  110.961914   1.700589
0.932499   70.438843  110.522461   1.702307
0.934999   70.715149  110.522461   1.699285
0.937499   70.990906  110.302734   1.698565
0.939999   71.267761  110.742188   1.690746
0.942499   71.544617  110.742188   1.687565
0.944999   71.819824  110.083008   1.691375
0.947499   72.095581  110.302734   1.685702
0.949999   72.370789  110.083008   1.684722
0.952499   72.649841  111.621094   1.664948
0.954999   72.925598  110.302734   1.675466
0.957499   73.207397  112.719727   1.646469
0.959999   73.486450  111.621094   1.654304
0.962499   73.769348  113.159180   1.634687
0.964999   74.049500  112.060547   1.642282
0.967499   74.329651  112.060547   1.638479
0.969999   74.606506  110.742188   1.648530
0.972499   74.887756  112.500000   1.626160
0.974999   75.161865  109.643555   1.652510
0.977499   75.443115  112.500000   1.618209
0.979999   75.724365  112.500000   1.614121
0.982499   76.010559  114.477539   1.589791
0.984999   76.294006  113.378906   1.596705
0.987499   76.581299  114.916992   1.576894
0.989999   76.864746  113.378906   1.588038
0.992499   77.149841  114.038086   1.576936
0.994999   77.432190  112.939453   1.583721
0.997499   77.717285  114.038086   1.568040
0.999999   78.000183  113.159180   1.572450
1.002499   78.286926  114.697266   1.552297
1.004999   78.573120  114.477539   1.549870
1.007499   78.862610  115.795898   1.532102
1.009999   79.155945  117.333984   1.512404
1.012499   79.449280  117.333984   1.507565
1.015000   79.743164  117.553711   1.500588
1.017500   80.036499  117.333984   1.497823
1.020000   80.340271  121.508789   1.454269
1.022500   80.639099  119.531250   1.467290
1.025000   80.946716  123.046875   1.430805
1.027500   81.255981  123.706055   1.420138
1.030000   81.578430  128.979492   1.371696
1.032500   81.900330  128.759766   1.368424
1.035000   82.233765  133.374023   1.328362
1.037500   82.571594  135.131836   1.310692
1.040000   82.911072  135.791016   1.301055
1.042500   83.258789  139.086914   1.273684
1.045000   83.606506  139.086914   1.268783
1.047500   83.962463  142.382813   1.242788
1.050000   84.322815  144.140625   1.227167
1.052500   84.682617  143.920898   1.223694
1.055000   85.051208  147.436523   1.198164
1.057500   85.416504  146.118164   1.200712
1.060001   85.774658  143.261719   1.212523
1.062501   86.138855  145.678711   1.192027
1.065001   86.492615  141.503906   1.210230
1.067501   86.843079  140.185547   1.208813
1.070001   87.197388  141.723633   1.183453
1.072501   87.539612  136.889648   1.189508
1.075001   87.884583  137.988281   1.135220
1.077501   88.226257  136.669922   1.057962
1.080001   88.553650  130.957031   0.948009
1.082501   88.883789  132.055664   0.669355
1.085001   89.202393  127.441406   0.270418
1.087501   89.518250  126.342773   -0.369891
1.090001   89.822021  121.508789   -1.146988
1.092501   90.115356  117.333984   -1.985157
1.095001   90.393860  111.401367   -2.708701
1.097501   90.645996  100.854492   -3.173901
1.100001   90.860779  85.913086   -3.351712
1.102502   91.036560  70.312500   -3.325242
1.105002   91.156860  48.120117   -2.979859
1.107502   91.218384  24.609375   -2.420256
1.110002   91.231018  5.053711   -1.859255
1.112502   91.191467  -15.820313   -1.200988
1.115002   91.112366  -31.640625   -0.673390
1.117502   91.004150  -43.286133   -0.242779
1.120002   90.873962  -52.075195   0.150645
1.122502   90.741577  -52.954102   0.392657
1.125002   90.608643  -53.173828   0.660383
1.127502   90.482300  -50.537109   0.886322
1.130002   90.363647  -47.460938   1.113745
1.132502   90.260925  -41.088867   1.236895
1.135002   90.182373  -31.420898   1.207448
1.137502   90.123047  -23.730469   1.168196
1.140002   90.087891  -14.062500   0.993293
1.142502   90.075806  -4.833984   0.755333
1.145002   90.082947  2.856445   0.503448
1.147503   90.105469  9.008789   0.252373
1.150003   90.139526  13.623047   0.014616
1.152503   90.176880  14.941406   -0.133984
1.155003   90.220825  17.578125   -0.338435
1.157503   90.262024  16.479492   -0.423728
1.160003   90.299927  15.161133   -0.490933
1.162503   90.331787  12.744141   -0.506971
1.165003   90.355408  9.448242   -0.472786
1.167503   90.370789  6.152344   -0.415324
1.170003   90.376282  2.197266   -0.311362
1.172503   90.372986  -1.318359   -0.197263
1.175003   90.363647  -3.735352   -0.100149
1.177503   90.351563  -4.833984   -0.035087
1.180003   90.335083  -6.591797   0.061774
1.182503   90.319702  -6.152344   0.090433
1.185003   90.301575  -7.250977   0.173016
1.187503   90.256531  -18.017578   0.616551
1.190004   90.242249  -5.712891   0.293522
1.192504   90.229614  -5.053711   0.309849
1.195004   90.221924  -3.076172   0.272635
1.197504   90.219727  -0.878906   0.212998
1.200004   90.221924  0.878906   0.153901
1.202504   90.226318  1.757813   0.114888
1.205004   90.232361  2.416992   0.077801
1.207504   90.238403  2.416992   0.060536
1.210004   90.244446  2.416992   0.043328
1.212504   90.249939  2.197266   0.034315
1.215004   90.255432  2.197266   0.018764
1.217504   90.260376  1.977539   0.011393
1.220004   90.263123  1.098633   0.030022
1.222504   90.265869  1.098633   0.022310
1.225004   90.266418  0.219727   0.047166
1.227504   90.265869  -0.219727   0.061920
1.230004   90.264221  -0.659180   0.079765
1.232504   90.263123  -0.439453   0.076284
1.235005   90.262024  -0.439453   0.079379
1.237505   90.263123  0.439453   0.049908
1.240005   90.265320  0.878906   0.030523
1.242505   90.266968  0.659180   0.032464
1.245005   90.268616  0.659180   0.027817
1.247505   90.269165  0.219727   0.039449
1.250005   90.269714  0.219727   0.037907
1.252505   90.269165  -0.219727   0.052633
1.255005   90.269165  0.000000   0.046050
1.257505   90.268616  -0.219727   0.054201
1.260005   90.269165  0.219727   0.039484
1.262505   90.269165  0.000000   0.046101
1.265005   90.268616  -0.219727   0.054244
1.267505   90.268066  -0.219727   0.055795
1.270005   90.266968  -0.439453   0.065474
1.272505   90.265869  -0.439453   0.068554
1.275005   90.265869  0.000000   0.055362
1.277506   90.265869  0.000000   0.055354
1.280006   90.266968  0.439453   0.039073
1.282506   90.268066  0.439453   0.035969
1.285006   90.268616  0.219727   0.041000
1.287506   90.268616  0.000000   0.047583
1.290006   90.268066  -0.219727   0.055718
1.292506   90.266418  -0.659180   0.073524
1.295006   90.265320  -0.439453   0.070030
1.297506   90.264771  -0.219727   0.064984
1.300006   90.264771  0.000000   0.058401
1.302506   90.265320  0.219727   0.050264
1.305006   90.266418  0.439453   0.040582
1.307506   90.266418  0.000000   0.053766
1.310006   90.266418  0.000000   0.053766
1.312506   90.265320  -0.439453   0.070039
1.315006   90.264221  -0.439453   0.073130
1.317506   90.263672  -0.219727   0.068085
1.320006   90.263672  0.000000   0.061493
1.322507   90.264221  0.219727   0.053355
1.325007   90.265869  0.659180   0.035535
1.327507   90.266418  0.219727   0.047174
1.330007   90.266968  0.219727   0.045630
1.332507   90.266418  -0.219727   0.060366
1.335007   90.265869  -0.219727   0.061911
1.337507   90.264221  -0.659180   0.079739
1.340007   90.263672  -0.219727   0.068111
1.342507   90.264771  0.439453   0.045243
1.345007   90.265869  0.439453   0.042153
1.347507   90.266968  0.439453   0.039064
1.350007   90.268066  0.439453   0.035977
1.352507   90.268066  0.000000   0.049152
1.355007   90.267517  -0.219727   0.057287
1.357507   90.266418  -0.439453   0.066967
1.360007   90.265869  -0.219727   0.061920
1.362507   90.265320  -0.219727   0.063465
1.365008   90.266418  0.439453   0.040600
1.367508   90.267517  0.439453   0.037512
1.370008   90.268616  0.439453   0.034426
1.372508   90.269165  0.219727   0.039475
1.375008   90.268066  -0.439453   0.062336
1.377508   90.266968  -0.439453   0.065423
1.380008   90.265869  -0.439453   0.068511
1.382508   90.264771  -0.439453   0.071593
1.385008   90.265869  0.439453   0.042136
1.387508   90.266418  0.219727   0.047183
1.390008   90.268066  0.659180   0.029368
1.392508   90.268616  0.219727   0.041018
1.395008   90.268066  -0.219727   0.055744
1.397508   90.266968  -0.439453   0.065423
1.400008   90.265320  -0.659180   0.076648
1.402508   90.264771  -0.219727   0.065010
1.405008   90.264771  0.000000   0.058418
1.407508   90.265869  0.439453   0.042144
1.410009   90.266418  0.219727   0.047191
1.412509   90.266968  0.219727   0.045647
1.415009   90.266418  -0.219727   0.060375
1.417509   90.265869  -0.219727   0.061920
1.420009   90.265320  -0.219727   0.063465
1.422509   90.264771  -0.219727   0.065010
1.425009   90.264221  -0.219727   0.066556
1.427509   90.264771  0.219727   0.051826
1.430009   90.265869  0.439453   0.042144
1.432509   90.265869  0.000000   0.055328
1.435009   90.266418  0.219727   0.047191
1.437509   90.265869  -0.219727   0.061911
1.440009   90.265320  -0.219727   0.063456
1.442509   90.265320  0.000000   0.056864
1.445009   90.265320  0.000000   0.056864
1.447509   90.265320  0.000000   0.056864
1.450009   90.265869  0.219727   0.048727
1.452510   90.266418  0.219727   0.047183
1.455010   90.266968  0.219727   0.045639
1.457510   90.266968  0.000000   0.052230
1.460010   90.266968  0.000000   0.052230
1.462510   90.266418  -0.219727   0.060366
1.465010   90.265869  -0.219727   0.061911
1.467510   90.265869  0.000000   0.055319
1.470010   90.265869  0.000000   0.055319
1.472510   90.266968  0.439453   0.039047
1.475010   90.266968  0.000000   0.052230
1.477510   90.267517  0.219727   0.044104
1.480010   90.267517  0.000000   0.050695
1.482510   90.266968  -0.219727   0.058831
1.485010   90.266418  -0.219727   0.060375
1.487510   90.265869  -0.219727   0.061920
1.490010   90.265320  -0.219727   0.063465
1.492510   90.265869  0.219727   0.048736
1.495010   90.266418  0.219727   0.047191
1.497511   90.266968  0.219727   0.045647
1.500011   90.266968  0.000000   0.052230
1.502511   90.266968  0.000000   0.052239
1.505011   90.265869  -0.439453   0.068511
1.507511   90.265320  -0.219727   0.063465
1.510011   90.264771  -0.219727   0.065010
1.512511   90.264771  0.000000   0.058410
1.515011   90.265320  0.219727   0.050281
1.517511   90.265869  0.219727   0.048727
1.520011   90.266418  0.219727   0.047183
1.522511   90.265869  -0.219727   0.061911
1.525011   90.265869  0.000000   0.055319
1.527511   90.265320  -0.219727   0.063456
1.530011   90.264771  -0.219727   0.065001
1.532511   90.265320  0.219727   0.050272
1.535011   90.265320  0.000000   0.056864
1.537511   90.265869  0.219727   0.048727
1.540012   90.266418  0.219727   0.047191
1.542512   90.266418  0.000000   0.053783
1.545012   90.265869  -0.219727   0.061920
1.547512   90.265320  -0.219727   0.063465
1.550012   90.265320  0.000000   0.056873
1.552512   90.265320  0.000000   0.056864
1.555012   90.265869  0.219727   0.048736
1.557512   90.266418  0.219727   0.047191
1.560012   90.266968  0.219727   0.045647
1.562512   90.266968  0.000000   0.052239
1.565012   90.266418  -0.219727   0.060375
1.567512   90.265869  -0.219727   0.061920
1.570012   90.265869  0.000000   0.055328
1.572512   90.265869  0.000000   0.055328
1.575012   90.265869  0.000000   0.055328
1.577512   90.266418  0.219727   0.047183
1.580012   90.266968  0.219727   0.045639
1.582512   90.266418  -0.219727   0.060366
1.585013   90.266418  0.000000   0.053775
1.587513   90.265869  -0.219727   0.061920
1.590013   90.265869  0.000000   0.055328
1.592513   90.265869  0.000000   0.055328
1.595013   90.265869  0.000000   0.055328
1.597513   90.265869  0.000000   0.055328
1.600013   90.265869  0.000000   0.055328
1.602513   90.265869  0.000000   0.055328
1.605013   90.265869  0.000000   0.055319
1.607513   90.265869  0.000000   0.055328
1.610013   90.265869  0.000000   0.055319
1.612513   90.265869  0.000000   0.055319
1.615013   90.265869  0.000000   0.055328
1.617513   90.265869  0.000000   0.055328
1.620013   90.265869  0.000000   0.055328
1.622513   90.265320  -0.219727   0.063465
1.625013   90.265869  0.219727   0.048736
1.627514   90.265869  0.000000   0.055328
1.630014   90.265869  0.000000   0.055328
1.632514   90.265869  0.000000   0.055328
1.635014   90.265869  0.000000   0.055319
1.637514   90.265869  0.000000   0.055328
1.640014   90.265869  0.000000   0.055328
1.642514   90.265869  0.000000   0.055319
1.645014   90.265869  0.000000   0.055328
1.647514   90.265869  0.000000   0.055328
1.650014   90.265869  0.000000   0.055328
1.652514   90.265869  0.000000   0.055328
1.655014   90.265869  0.000000   0.055328
1.657514   90.265869  0.000000   0.055328
1.660014   90.265869  0.000000   0.055319
1.662514   90.266418  0.219727   0.047183
1.665014   90.266418  0.000000   0.053783
1.667514   90.266418  0.000000   0.053783
1.670015   90.266418  0.000000   0.053783
1.672515   90.265869  -0.219727   0.061920
1.675015   90.265869  0.000000   0.055328
1.677515   90.265869  0.000000   0.055328
1.680015   90.265869  0.000000   0.055328
1.682515   90.265869  0.000000   0.055328
1.685015   90.265869  0.000000   0.055328
1.687515   90.265869  0.000000   0.055328
1.690015   90.265869  0.000000   0.055328
1.692515   90.265869  0.000000   0.055328
1.695015   90.265869  0.000000   0.055328
1.697515   90.265869  0.000000   0.055328
1.700015   90.265320  -0.219727   0.063465
1.702515   90.265869  0.219727   0.048736
1.705015   90.265869  0.000000   0.055328
1.707515   90.265869  0.000000   0.055328
1.710015   90.265869  0.000000   0.055328
1.712515   90.265869  0.000000   0.055328
1.715016   90.265869  0.000000   0.055328
1.717516   90.265869  0.000000   0.055328
1.720016   90.265320  -0.219727   0.063456
1.722516   90.265869  0.219727   0.048727
1.725016   90.265869  0.000000   0.055319
1.727516   90.265869  0.000000   0.055319
1.730016   90.265869  0.000000   0.055328
1.732516   90.265869  0.000000   0.055328
1.735016   90.265869  0.000000   0.055328
1.737516   90.265869  0.000000   0.055328
1.740016   90.265869  0.000000   0.055328
1.742516   90.265869  0.000000   0.055328
1.745016   90.265869  0.000000   0.055328
1.747516   90.265869  0.000000   0.055328
1.750016   90.265869  0.000000   0.055328
1.752516   90.265869  0.000000   0.055328
1.755016   90.265869  0.000000   0.055328
1.757517   90.265869  0.000000   0.055328
1.760017   90.265869  0.000000   0.055328
1.762517   90.265869  0.000000   0.055328
1.765017   90.265869  0.000000   0.055328
1.767517   90.265869  0.000000   0.055328
1.770017   90.265869  0.000000   0.055328
1.772517   90.265869  0.000000   0.055328
1.775017   90.265869  0.000000   0.055328
1.777517   90.265869  0.000000   0.055328
1.780017   90.265869  0.000000   0.055319
1.782517   90.265869  0.000000   0.055328
1.785017   90.265869  0.000000   0.055328
1.787517   90.265869  0.000000   0.055328
1.790017   90.265869  0.000000   0.055328
1.792517   90.265869  0.000000   0.055328
1.795017   90.265869  0.000000   0.055328
1.797517   90.265869  0.000000   0.055328
1.800017   90.265869  0.000000   0.055328
1.802518   90.265869  0.000000   0.055328
1.805018   90.265869  0.000000   0.055319
1.807518   90.265869  0.000000   0.055328
1.810018   90.265869  0.000000   0.055319
1.812518   90.265869  0.000000   0.055328
1.815018   90.265869  0.000000   0.055328
1.817518   90.265869  0.000000   0.055328
1.820018   90.265869  0.000000   0.055328
1.822518   90.265869  0.000000   0.055328
1.825018   90.265869  0.000000   0.055328
1.827518   90.265869  0.000000   0.055328
1.830018   90.265869  0.000000   0.055328
1.832518   90.265869  0.000000   0.055328
1.835018   90.265869  0.000000   0.055328
1.837518   90.265869  0.000000   0.055328
1.840018   90.265869  0.000000   0.055328
1.842518   90.265869  0.000000   0.055328
1.845019   90.265869  0.000000   0.055328
1.847519   90.265869  0.000000   0.055328
1.850019   90.265869  0.000000   0.055328
1.852519   90.265869  0.000000   0.055328
1.855019   90.265869  0.000000   0.055328
1.857519   90.265869  0.000000   0.055328
1.860019   90.265869  0.000000   0.055328
1.862519   90.265869  0.000000   0.055328
1.865019   90.265869  0.000000   0.055328
1.867519   90.265869  0.000000   0.055328
1.870019   90.265869  0.000000   0.055328
1.872519   90.265869  0.000000   0.055328
1.875019   90.265869  0.000000   0.055328
1.877519   90.265869  0.000000   0.055328
1.880019   90.265869  0.000000   0.055328
1.882519   90.265869  0.000000   0.055328
1.885019   90.265869  0.000000   0.055328
1.887519   90.265869  0.000000   0.055328
1.890020   90.265869  0.000000   0.055328
1.892520   90.265869  0.000000   0.055328
1.895020   90.265869  0.000000   0.055328
1.897520   90.265869  0.000000   0.055328
1.900020   90.265869  0.000000   0.055328
1.902520   90.265869  0.000000   0.055328
1.905020   90.265869  0.000000   0.055328
1.907520   90.265869  0.000000   0.055328
1.910020   90.265320  -0.219727   0.063465
1.912520   90.265869  0.219727   0.048736
1.915020   90.265869  0.000000   0.055328
1.917520   90.265869  0.000000   0.055328
1.920020   90.265869  0.000000   0.055328
1.922520   90.265869  0.000000   0.055328
1.925020   90.265869  0.000000   0.055328
1.927520   90.265869  0.000000   0.055328
1.930020   90.265869  0.000000   0.055328
1.932521   90.265869  0.000000   0.055328
1.935021   90.265869  0.000000   0.055328
1.937521   90.265869  0.000000   0.055328
1.940021   90.265869  0.000000   0.055328
1.942521   90.265869  0.000000   0.055328
1.945021   90.265869  0.000000   0.055328
1.947521   90.265869  0.000000   0.055328
1.950021   90.265869  0.000000   0.055328
1.952521   90.265869  0.000000   0.055328
1.955021   90.265869  0.000000   0.055328
1.957521   90.265869  0.000000   0.055328
1.960021   90.265869  0.000000   0.055328
1.962521   90.265869  0.000000   0.055328
1.965021   90.265869  0.000000   0.055328
1.967521   90.265869  0.000000   0.055328
1.970021   90.265869  0.000000   0.055328
1.972521   90.265869  0.000000   0.055328
1.975021   90.265869  0.000000   0.055328
1.977522   90.265869  0.000000   0.055328
1.980022   90.265869  0.000000   0.055328
1.982522   90.265869  0.000000   0.055328
1.985022   90.265869  0.000000   0.055328
1.987522   90.265869  0.000000   0.055328
1.990022   90.265869  0.000000   0.055328
1.992522   90.265869  0.000000   0.055328
1.995022   90.265869  0.000000   0.055328
1.997522   90.265869  0.000000   0.055328
2.000022   90.265869  0.000000   0.055328
2.002522   90.265869  0.000000   0.055328
2.005022   90.265869  0.000000   0.055328
2.007522   90.265869  0.000000   0.055328
2.010022   90.265869  0.000000   0.055328
2.012522   90.265869  0.000000   0.055328
2.015022   90.265869  0.000000   0.055328
2.017522   90.265869  0.000000   0.055328
2.020022   90.265869  0.000000   0.055328
2.022522   90.265869  0.000000   0.055328
2.025023   90.265869  0.000000   0.055328
2.027523   90.265869  0.000000   0.055328
2.030023   90.265869  0.000000   0.055328
2.032523   90.265869  0.000000   0.055328
2.035023   90.265869  0.000000   0.055328
2.037523   90.265869  0.000000   0.055328
2.040023   90.265869  0.000000   0.055328
2.042523   90.265869  0.000000   0.055328
2.045023   90.265869  0.000000   0.055328
2.047523   90.265869  0.000000   0.055328
2.050023   90.265869  0.000000   0.055328
2.052523   90.265869  0.000000   0.055328
2.055023   90.265869  0.000000   0.055328
2.057523   90.265869  0.000000   0.055328
2.060023   90.265869  0.000000   0.055328
2.062523   90.265869  0.000000   0.055328
2.065023   90.265869  0.000000   0.055328
2.067523   90.265869  0.000000   0.055319
2.070024   90.265869  0.000000   0.055319
2.072524   90.265869  0.000000   0.055328
2.075024   90.265320  -0.219727   0.063465
2.077524   90.265869  0.219727   0.048736
2.080024   90.265320  -0.219727   0.063465
2.082524   90.265869  0.219727   0.048736
2.085024   90.265869  0.000000   0.055328
2.087524   90.265869  0.000000   0.055328
2.090024   90.265869  0.000000   0.055328
2.092524   90.265869  0.000000   0.055328
2.095024   90.265869  0.000000   0.055328
2.097524   90.265869  0.000000   0.055328
2.100024   90.265869  0.000000   0.055328
2.102524   90.265869  0.000000   0.055328
2.105024   90.265869  0.000000   0.055328
2.107524   90.265869  0.000000   0.055328
2.110024   90.265869  0.000000   0.055328
2.112525   90.265869  0.000000   0.055328
2.115025   90.265869  0.000000   0.055328
2.117525   90.265869  0.000000   0.055328
2.120025   90.265869  0.000000   0.055328
2.122525   90.265869  0.000000   0.055328
2.125025   90.265869  0.000000   0.055328
2.127525   90.265869  0.000000   0.055328
2.130025   90.265869  0.000000   0.055328
2.132525   90.265869  0.000000   0.055328
2.135025   90.265869  0.000000   0.055328
2.137525   90.265869  0.000000   0.055328
2.140025   90.265869  0.000000   0.055328
2.142525   90.265869  0.000000   0.055328
2.145025   90.265869  0.000000   0.055328
2.147525   90.265869  0.000000   0.055328
2.150025   90.265869  0.000000   0.055328
2.152525   90.265869  0.000000   0.055328
2.155025   90.265869  0.000000   0.055328
2.157526   90.265320  -0.219727   0.063465
2.160026   90.265869  0.219727   0.048736
2.162526   90.265869  0.000000   0.055328
2.165026   90.265869  0.000000   0.055328
2.167526   90.265869  0.000000   0.055328
2.170026   90.265869  0.000000   0.055328
2.172526   90.265869  0.000000   0.055328
2.175026   90.265869  0.000000   0.055328
2.177526   90.265869  0.000000   0.055328
2.180026   90.265869  0.000000   0.055328
2.182526   90.265869  0.000000   0.055328
2.185026   90.265869  0.000000   0.055328
2.187526   90.265869  0.000000   0.055328
2.190026   90.265869  0.000000   0.055328
2.192526   90.265869  0.000000   0.055328
2.195026   90.265869  0.000000   0.055328
2.197526   90.265869  0.000000   0.055328
2.200027   90.265869  0.000000   0.055328
2.202527   90.265869  0.000000   0.055328
2.205027   90.265869  0.000000   0.055328
2.207527   90.265869  0.000000   0.055328
2.210027   90.265869  0.000000   0.055328
2.212527   90.265869  0.000000   0.055328
2.215027   90.265869  0.000000   0.055328
2.217527   90.265869  0.000000   0.055328
2.220027   90.265869  0.000000   0.055328
2.222527   90.265869  0.000000   0.055328
2.225027   90.265869  0.000000   0.055328
2.227527   90.265869  0.000000   0.055328
2.230027   90.265869  0.000000   0.055328
2.232527   90.265869  0.000000   0.055328
2.235027   90.265869  0.000000   0.055328
2.237527   90.265320  -0.219727   0.063465
2.240027   90.265869  0.219727   0.048736
2.242527   90.265869  0.000000   0.055328
2.245028   90.265869  0.000000   0.055328
2.247528   90.265869  0.000000   0.055328
2.250028   90.265869  0.000000   0.055328
2.252528   90.265869  0.000000   0.055328
2.255028   90.265869  0.000000   0.055328
2.257528   90.265869  0.000000   0.055328
2.260028   90.265869  0.000000   0.055328
2.262528   90.265869  0.000000   0.055328
2.265028   90.265869  0.000000   0.055328
2.267528   90.265869  0.000000   0.055328
2.270028   90.265869  0.000000   0.055328
2.272528   90.265869  0.000000   0.055328
2.275028   90.265869  0.000000   0.055328
2.277528   90.265869  0.000000   0.055328
2.280028   90.265869  0.000000   0.055328
2.282528   90.265869  0.000000   0.055328
2.285028   90.265869  0.000000   0.055328
2.287529   90.265869  0.000000   0.055328
2.290029   90.265869  0.000000   0.055328
2.292529   90.265869  0.000000   0.055328
2.295029   90.265869  0.000000   0.055328
2.297529   90.265869  0.000000   0.055328
2.300029   90.265869  0.000000   0.055328
2.302529   90.265320  -0.219727   0.063465
2.305029   90.265869  0.219727   0.048736
2.307529   90.265869  0.000000   0.055328
2.310029   90.265869  0.000000   0.055328
2.312529   90.265869  0.000000   0.055328
2.315029   90.265869  0.000000   0.055328
2.317529   90.265320  -0.219727   0.063465
2.320029   90.265320  0.000000   0.056873
2.322529   90.265320  0.000000   0.056873
2.325029   90.265869  0.219727   0.048736
2.327529   90.265869  0.000000   0.055328
2.330029   90.265869  0.000000   0.055328
2.332530   90.265869  0.000000   0.055328
2.335030   90.265320  -0.219727   0.063465
2.337530   90.265320  0.000000   0.056873
2.340030   90.265320  0.000000   0.056873
2.342530   90.265869  0.219727   0.048736
2.345030   90.265869  0.000000   0.055328
2.347530   90.265869  0.000000   0.055328
2.350030   90.265869  0.000000   0.055328
2.352530   90.265320  -0.219727   0.063465
2.355030   90.265869  0.219727   0.048736
2.357530   90.265320  -0.219727   0.063465
2.360030   90.265869  0.219727   0.048736
2.362530   90.265869  0.000000   0.055328
2.365030   90.265869  0.000000   0.055328
2.367530   90.265869  0.000000   0.055328
2.370030   90.265869  0.000000   0.055328
2.372530   90.265869  0.000000   0.055328
2.375031   90.265320  -0.219727   0.063465
2.377531   90.265869  0.219727   0.048736
2.380031   90.265869  0.000000   0.055328
2.382531   90.265869  0.000000   0.055328
2.385031   90.265869  0.000000   0.055328
2.387531   90.265869  0.000000   0.055328
2.390031   90.265869  0.000000   0.055328
2.392531   90.265320  -0.219727   0.063465
2.395031   90.265320  0.000000   0.056873
2.397531   90.265320  0.000000   0.056873
2.400031   90.265320  0.000000   0.056873
2.402531   90.265869  0.219727   0.048736
2.405031   90.265320  -0.219727   0.063465
2.407531   90.265320  0.000000   0.056873
2.410031   90.265320  0.000000   0.056873
2.412531   90.265869  0.219727   0.048736
2.415031   90.265869  0.000000   0.055328
2.417531   90.265869  0.000000   0.055328
2.420032   90.265869  0.000000   0.055328
2.422532   90.265320  -0.219727   0.063465
2.425032   90.265320  0.000000   0.056873
2.427532   90.265869  0.219727   0.048736
2.430032   90.265869  0.000000   0.055328
2.432532   90.265869  0.000000   0.055328
2.435032   90.265869  0.000000   0.055328
2.437532   90.265869  0.000000   0.055328
2.440032   90.265320  -0.219727   0.063465
2.442532   90.265320  0.000000   0.056873
2.445032   90.265869  0.219727   0.048736
2.447532   90.265869  0.000000   0.055328
2.450032   90.265869  0.000000   0.055328
2.452532   90.265869  0.000000   0.055328
2.455032   90.265869  0.000000   0.055328
2.457532   90.265320  -0.219727   0.063465
2.460032   90.265320  0.000000   0.056873
2.462533   90.265869  0.219727   0.048736
2.465033   90.265869  0.000000   0.055328
2.467533   90.265869  0.000000   0.055328
2.470033   90.265869  0.000000   0.055328
2.472533   90.265320  -0.219727   0.063465
2.475033   90.265320  0.000000   0.056873
2.477533   90.265320  0.000000   0.056873
2.480033   90.265869  0.219727   0.048736
2.482533   90.265869  0.000000   0.055328
2.485033   90.265869  0.000000   0.055328
2.487533   90.265869  0.000000   0.055328
2.490033   90.265320  -0.219727   0.063465
2.492533   90.265320  0.000000   0.056873
2.495033   90.265320  0.000000   0.056873
2.497533   90.265869  0.219727   0.048736
2.500033   90.265869  0.000000   0.055328
2.502533   90.265869  0.000000   0.055328
2.505033   90.265869  0.000000   0.055328
2.507534   90.265320  -0.219727   0.063465
2.510034   90.265320  0.000000   0.056873
2.512534   90.265869  0.219727   0.048736
2.515034   90.265869  0.000000   0.055328
2.517534   90.265869  0.000000   0.055328
2.520034   90.265869  0.000000   0.055328
2.522534   90.265320  -0.219727   0.063465
2.525034   90.265320  0.000000   0.056873
2.527534   90.265320  0.000000   0.056873
2.530034   90.265320  0.000000   0.056873
2.532534   90.265869  0.219727   0.048736
2.535034   90.265869  0.000000   0.055328
2.537534   90.265869  0.000000   0.055328
2.540034   90.265869  0.000000   0.055328
2.542534   90.265320  -0.219727   0.063465
2.545034   90.265320  0.000000   0.056873
2.547534   90.265320  0.000000   0.056873
2.550035   90.265320  0.000000   0.056873
2.552535   90.265869  0.219727   0.048736
2.555035   90.265869  0.000000   0.055328
2.557535   90.265869  0.000000   0.055328
2.560035   90.265869  0.000000   0.055328
2.562535   90.265869  0.000000   0.055328
2.565035   90.265320  -0.219727   0.063465
2.567535   90.265320  0.000000   0.056873
2.570035   90.265320  0.000000   0.056873
2.572535   90.265320  0.000000   0.056873
2.575035   90.265869  0.219727   0.048736
2.577535   90.265869  0.000000   0.055319
2.580035   90.265869  0.000000   0.055328
2.582535   90.265320  -0.219727   0.063465
2.585035   90.265320  0.000000   0.056873
2.587535   90.265320  0.000000   0.056873
2.590035   90.265320  0.000000   0.056873
2.592535   90.265320  0.000000   0.056873
2.595036   90.265869  0.219727   0.048736
2.597536   90.265869  0.000000   0.055328
2.600036   90.265869  0.000000   0.055328
2.602536   90.265869  0.000000   0.055328
2.605036   90.265320  -0.219727   0.063465
2.607536   90.265320  0.000000   0.056873
2.610036   90.265320  0.000000   0.056873
2.612536   90.265869  0.219727   0.048736
2.615036   90.265320  -0.219727   0.063465
2.617536   90.265869  0.219727   0.048736
2.620036   90.265869  0.000000   0.055328
2.622536   90.265320  -0.219727   0.063465
2.625036   90.265320  0.000000   0.056873
2.627536   90.265320  0.000000   0.056873
2.630036   90.265869  0.219727   0.048736
2.632536   90.265869  0.000000   0.055328
2.635036   90.265869  0.000000   0.055328
2.637537   90.265320  -0.219727   0.063465
2.640037   90.265320  0.000000   0.056873
2.642537   90.265320  0.000000   0.056873
2.645037   90.265320  0.000000   0.056873
2.647537   90.265320  0.000000   0.056873
2.650037   90.265869  0.219727   0.048736
2.652537   90.265869  0.000000   0.055328
2.655037   90.265869  0.000000   0.055328
2.657537   90.265320  -0.219727   0.063465
2.660037   90.265320  0.000000   0.056873
2.662537   90.265320  0.000000   0.056873
2.665037   90.265320  0.000000   0.056873
2.667537   90.265869  0.219727   0.048736
2.670037   90.265869  0.000000   0.055328
2.672537   90.265869  0.000000   0.055328
2.675037   90.265320  -0.219727   0.063465
2.677537   90.265320  0.000000   0.056873
2.680037   90.265320  0.000000   0.056873
2.682538   90.265869  0.219727   0.048736
2.685038   90.265869  0.000000   0.055328
2.687538   90.265869  0.000000   0.055328
2.690038   90.265320  -0.219727   0.063465
2.692538   90.265320  0.000000   0.056873
2.695038   90.265320  0.000000   0.056873
2.697538   90.265320  0.000000   0.056873
2.700038   90.265869  0.219727   0.048736
2.702538   90.265869  0.000000   0.055328
2.705038   90.265869  0.000000   0.055328
2.707538   90.265320  -0.219727   0.063465
2.710038   90.265320  0.000000   0.056873
2.712538   90.265320  0.000000   0.056873
2.715038   90.265320  0.000000   0.056873
2.717538   90.265869  0.219727   0.048736
2.720038   90.265869  0.000000   0.055328
2.722538   90.265869  0.000000   0.055328
2.725039   90.265869  0.000000   0.055328
2.727539   90.265320  -0.219727   0.063465
2.730039   90.265320  0.000000   0.056873
2.732539   90.265320  0.000000   0.056873
2.735039   90.265320  0.000000   0.056873
2.737539   90.265869  0.219727   0.048736
2.740039   90.265869  0.000000   0.055328
2.742539   90.265869  0.000000   0.055328
2.745039   90.265320  -0.219727   0.063465
2.747539   90.265320  0.000000   0.056873
2.750039   90.265320  0.000000   0.056873
2.752539   90.265320  0.000000   0.056873
2.755039   90.265320  0.000000   0.056873
2.757539   90.265869  0.219727   0.048736
2.760039   90.265320  -0.219727   0.063465
2.762539   90.265320  0.000000   0.056873
2.765039   90.265320  0.000000   0.056873
2.767540   90.265320  0.000000   0.056873
2.770040   90.265869  0.219727   0.048736
2.772540   90.265869  0.000000   0.055328
2.775040   90.265320  -0.219727   0.063465
2.777540   90.265320  0.000000   0.056873
2.780040   90.265320  0.000000   0.056873
2.782540   90.265320  0.000000   0.056873
2.785040   90.265869  0.219727   0.048736
2.787540   90.265869  0.000000   0.055328
2.790040   90.265869  0.000000   0.055328
2.792540   90.265320  -0.219727   0.063465
2.795040   90.265320  0.000000   0.056873
2.797540   90.265320  0.000000   0.056873
2.800040   90.265320  0.000000   0.056873
2.802540   90.265869  0.219727   0.048736
2.805040   90.265869  0.000000   0.055328
2.807540   90.265869  0.000000   0.055328
2.810040   90.265320  -0.219727   0.063465
2.812541   90.265320  0.000000   0.056873
2.815041   90.265320  0.000000   0.056873
2.817541   90.265320  0.000000   0.056873
2.820041   90.265869  0.219727   0.048736
2.822541   90.265869  0.000000   0.055328
2.825041   90.265320  -0.219727   0.063465
2.827541   90.265320  0.000000   0.056873
2.830041   90.265320  0.000000   0.056873
2.832541   90.265320  0.000000   0.056873
2.835041   90.265869  0.219727   0.048736
2.837541   90.265869  0.000000   0.055328
2.840041   90.265869  0.000000   0.055328
2.842541   90.265320  -0.219727   0.063465
2.845041   90.265320  0.000000   0.056873
2.847541   90.265320  0.000000   0.056873
2.850041   90.265320  0.000000   0.056873
2.852541   90.265869  0.219727   0.048736
2.855042   90.265869  0.000000   0.055328
2.857542   90.265869  0.000000   0.055328
2.860042   90.265869  0.000000   0.055328
2.862542   90.265320  -0.219727   0.063465
2.865042   90.265320  0.000000   0.056873
2.867542   90.265320  0.000000   0.056873
2.870042   90.265320  0.000000   0.056873
2.872542   90.265869  0.219727   0.048736
2.875042   90.265869  0.000000   0.055328
2.877542   90.265869  0.000000   0.055328
2.880042   90.265320  -0.219727   0.063465
2.882542   90.265320  0.000000   0.056873
2.885042   90.265320  0.000000   0.056873
2.887542   90.265320  0.000000   0.056873
2.890042   90.265869  0.219727   0.048736
2.892542   90.265869  0.000000   0.055328
2.895042   90.265320  -0.219727   0.063465
2.897542   90.265320  0.000000   0.056873
2.900043   90.265320  0.000000   0.056873
2.902543   90.265320  0.000000   0.056873
2.905043   90.265320  0.000000   0.056873
2.907543   90.265869  0.219727   0.048736
2.910043   90.265320  -0.219727   0.063465
2.912543   90.265320  0.000000   0.056873
2.915043   90.265320  0.000000   0.056873
2.917543   90.265320  0.000000   0.056873
2.920043   90.265320  0.000000   0.056873
2.922543   90.265869  0.219727   0.048736
2.925043   90.265320  -0.219727   0.063465
2.927543   90.265320  0.000000   0.056873
2.930043   90.265869  0.219727   0.048736
2.932543   90.265320  -0.219727   0.063465
2.935043   90.265869  0.219727   0.048736
2.937543   90.265320  -0.219727   0.063465
2.940043   90.265869  0.219727   0.048736
2.942544   90.265320  -0.219727   0.063465
2.945044   90.265320  0.000000   0.056873
2.947544   90.265320  0.000000   0.056873
2.950044   90.265869  0.219727   0.048736
2.952544   90.265869  0.000000   0.055328
2.955044   90.265869  0.000000   0.055328
2.957544   90.265320  -0.219727   0.063465
2.960044   90.265320  0.000000   0.056873
2.962544   90.265320  0.000000   0.056873
2.965044   90.265320  0.000000   0.056873
2.967544   90.265869  0.219727   0.048736
2.970044   90.265869  0.000000   0.055328
2.972544   90.265320  -0.219727   0.063465
2.975044   90.265320  0.000000   0.056873
2.977544   90.265320  0.000000   0.056873
2.980044   90.265320  0.000000   0.056873
2.982544   90.265320  0.000000   0.056873
2.985044   90.265869  0.219727   0.048736
2.987545   90.265320  -0.219727   0.063465
2.990045   90.265320  0.000000   0.056873
2.992545   90.265320  0.000000   0.056873
2.995045   90.265320  0.000000   0.056873
2.997545   90.265320  0.000000   0.056873
3.000045   90.265869  0.219727   0.048736
3.002545   90.265869  0.000000   0.055328
3.005045   90.265320  -0.219727   0.063465
3.007545   90.265320  0.000000   0.056873
3.010045   90.265320  0.000000   0.056873
3.012545   90.265320  0.000000   0.056873
3.015045   90.265869  0.219727   0.048736
3.017545   90.265869  0.000000   0.055328
3.020045   90.265869  0.000000   0.055328
3.022545   90.265320  -0.219727   0.063465
3.025045   90.265320  0.000000   0.056873
3.027545   90.265320  0.000000   0.056873
3.030046   90.265320  0.000000   0.056873
3.032546   90.265869  0.219727   0.048736
3.035046   90.265869  0.000000   0.055328
3.037546   90.265320  -0.219727   0.063465
3.040046   90.265320  0.000000   0.056873
3.042546   90.265320  0.000000   0.056873
3.045046   90.265320  0.000000   0.056873
3.047546   90.265320  0.000000   0.056873
3.050046   90.265869  0.219727   0.048736
3.052546   90.265869  0.000000   0.055328
3.055046   90.265320  -0.219727   0.063465
3.057546   90.265320  0.000000   0.056873
3.060046   90.265320  0.000000   0.056873
3.062546   90.265320  0.000000   0.056873
3.065046   90.265320  0.000000   0.056873
3.067546   90.265869  0.219727   0.048736
3.070046   90.265320  -0.219727   0.063465
3.072546   90.265320  0.000000   0.056873
3.075047   90.265320  0.000000   0.056873
3.077547   90.265320  0.000000   0.056873
3.080047   90.265320  0.000000   0.056873
3.082547   90.265320  0.000000   0.056873
3.085047   90.265320  0.000000   0.056873
3.087547   90.265320  0.000000   0.056873
3.090047   90.265320  0.000000   0.056873
3.092547   90.265320  0.000000   0.056873
3.095047   90.265869  0.219727   0.048736
3.097547   90.265869  0.000000   0.055328
3.100047   90.265320  -0.219727   0.063465
3.102547   90.265320  0.000000   0.056873
3.105047   90.265320  0.000000   0.056873
3.107547   90.265320  0.000000   0.056873
3.110047   90.265320  0.000000   0.056873
3.112547   90.265869  0.219727   0.048736
3.115047   90.265869  0.000000   0.055328
3.117548   90.265869  0.000000   0.055328
3.120048   90.265320  -0.219727   0.063465
3.122548   90.265320  0.000000   0.056873
3.125048   90.265320  0.000000   0.056873
3.127548   90.265320  0.000000   0.056873
3.130048   90.265320  0.000000   0.056873
3.132548   90.265869  0.219727   0.048736
3.135048   90.265869  0.000000   0.055328
3.137548   90.265320  -0.219727   0.063465
3.140048   90.265320  0.000000   0.056873
3.142548   90.265320  0.000000   0.056873
3.145048   90.265320  0.000000   0.056873
3.147548   90.265320  0.000000   0.056873
3.150048   90.265869  0.219727   0.048736
3.152548   90.265320  -0.219727   0.063465
3.155048   90.265320  0.000000   0.056873
3.157548   90.265320  0.000000   0.056873
3.160048   90.265320  0.000000   0.056873
3.162549   90.265320  0.000000   0.056873
3.165049   90.265320  0.000000   0.056873
3.167549   90.265320  0.000000   0.056873
3.170049   90.265320  0.000000   0.056873
3.172549   90.265320  0.000000   0.056873
3.175049   90.265320  0.000000   0.056873
3.177549   90.265320  0.000000   0.056873
3.180049   90.265869  0.219727   0.048736
3.182549   90.265869  0.000000   0.055328
3.185049   90.265320  -0.219727   0.063465
3.187549   90.265320  0.000000   0.056873
3.190049   90.265320  0.000000   0.056873
3.192549   90.265320  0.000000   0.056873
3.195049   90.265320  0.000000   0.056873
3.197549   90.265320  0.000000   0.056873
3.200049   90.265320  0.000000   0.056873
3.202549   90.265320  0.000000   0.056873
3.205050   90.265320  0.000000   0.056873
3.207550   90.265320  0.000000   0.056873
3.210050   90.265320  0.000000   0.056873
3.212550   90.265320  0.000000   0.056873
3.215050   90.265320  0.000000   0.056873
3.217550   90.265320  0.000000   0.056873
3.220050   90.265320  0.000000   0.056873
3.222550   90.265320  0.000000   0.056873
3.225050   90.265320  0.000000   0.056873
3.227550   90.265320  0.000000   0.056873
3.230050   90.265320  0.000000   0.056873
3.232550   90.265869  0.219727   0.048736
3.235050   90.265869  0.000000   0.055328
3.237550   90.265320  -0.219727   0.063465
3.240050   90.265320  0.000000   0.056873
3.242550   90.265320  0.000000   0.056873
3.245050   90.265320  0.000000   0.056873
3.247550   90.265320  0.000000   0.056873
3.250051   90.265869  0.219727   0.048736
3.252551   90.265869  0.000000   0.055328
3.255051   90.265320  -0.219727   0.063465
3.257551   90.265320  0.000000   0.056873
3.260051   90.265320  0.000000   0.056873
3.262551   90.265320  0.000000   0.056873
3.265051   90.265869  0.219727   0.048736
3.267551   90.265869  0.000000   0.055328
3.270051   90.265869  0.000000   0.055328
3.272551   90.265320  -0.219727   0.063465
3.275051   90.265320  0.000000   0.056873
3.277551   90.265320  0.000000   0.056873
3.280051   90.265320  0.000000   0.056873
3.282551   90.265869  0.219727   0.048736
3.285051   90.265869  0.000000   0.055328
3.287551   90.265320  -0.219727   0.063465
3.290051   90.265320  0.000000   0.056873
3.292552   90.265320  0.000000   0.056873
3.295052   90.265320  0.000000   0.056873
3.297552   90.265320  0.000000   0.056873
3.300052   90.265869  0.219727   0.048736
3.302552   90.265320  -0.219727   0.063465
3.305052   90.265320  0.000000   0.056873
3.307552   90.265320  0.000000   0.056873
3.310052   90.265320  0.000000   0.056873
3.312552   90.265320  0.000000   0.056873
3.315052   90.265320  0.000000   0.056873
3.317552   90.265869  0.219727   0.048736
3.320052   90.265320  -0.219727   0.063465
3.322552   90.265320  0.000000   0.056873
3.325052   90.265320  0.000000   0.056873
3.327552   90.265320  0.000000   0.056873
3.330052   90.265320  0.000000   0.056873
3.332552   90.265320  0.000000   0.056873
3.335052   90.265320  0.000000   0.056873
3.337553   90.265320  0.000000   0.056873
3.340053   90.265320  0.000000   0.056873
3.342553   90.265320  0.000000   0.056873
3.345053   90.265320  0.000000   0.056873
3.347553   90.265320  0.000000   0.056873
3.350053   90.265320  0.000000   0.056873
3.352553   90.265320  0.000000   0.056873
3.355053   90.265320  0.000000   0.056873
3.357553   90.265320  0.000000   0.056873
3.360053   90.265320  0.000000   0.056873
3.362553   90.265320  0.000000   0.056873
3.365053   90.265320  0.000000   0.056873
3.367553   90.265320  0.000000   0.056873
3.370053   90.265320  0.000000   0.056873
3.372553   90.265320  0.000000   0.056873
3.375053   90.265320  0.000000   0.056873
3.377553   90.265320  0.000000   0.056873
3.380054   90.265320  0.000000   0.056873
3.382554   90.265320  0.000000   0.056873
3.385054   90.265320  0.000000   0.056873
3.387554   90.265320  0.000000   0.056873
3.390054   90.265320  0.000000   0.056873
3.392554   90.265320  0.000000   0.056873
3.395054   90.265320  0.000000   0.056873
3.397554   90.265869  0.219727   0.048736
3.400054   90.265320  -0.219727   0.063465
3.402554   90.265320  0.000000   0.056873
3.405054   90.265320  0.000000   0.056873
3.407554   90.265320  0.000000   0.056873
3.410054   90.265320  0.000000   0.056873
3.412554   90.265320  0.000000   0.056873
3.415054   90.265320  0.000000   0.056873
3.417554   90.265320  0.000000   0.056873
3.420054   90.265320  0.000000   0.056873
3.422554   90.265320  0.000000   0.056873
3.425055   90.265320  0.000000   0.056873
3.427555   90.265320  0.000000   0.056873
3.430055   90.265320  0.000000   0.056873
3.432555   90.265869  0.219727   0.048736
3.435055   90.265320  -0.219727   0.063465
3.437555   90.265869  0.219727   0.048736
3.440055   90.265320  -0.219727   0.063465
3.442555   90.265320  0.000000   0.056873
3.445055   90.265320  0.000000   0.056873
3.447555   90.265320  0.000000   0.056873
3.450055   90.265320  0.000000   0.056873
3.452555   90.265320  0.000000   0.056873
3.455055   90.265869  0.219727   0.048736
3.457555   90.265320  -0.219727   0.063465
3.460055   90.265320  0.000000   0.056873
3.462555   90.265320  0.000000   0.056873
3.465055   90.265320  0.000000   0.056873
3.467556   90.265320  0.000000   0.056873
3.470056   90.265320  0.000000   0.056873
3.472556   90.265320  0.000000   0.056873
3.475056   90.265320  0.000000   0.056873
3.477556   90.265320  0.000000   0.056873
3.480056   90.265320  0.000000   0.056873
3.482556   90.265320  0.000000   0.056873
3.485056   90.265320  0.000000   0.056873
3.487556   90.265320  0.000000   0.056873
3.490056   90.265320  0.000000   0.056873
3.492556   90.265320  0.000000   0.056873
3.495056   90.265320  0.000000   0.056873
3.497556   90.265320  0.000000   0.056873
3.500056   90.265320  0.000000   0.056873
3.502556   90.265320  0.000000   0.056873
3.505056   90.265320  0.000000   0.056873
3.507556   90.265320  0.000000   0.056873
3.510056   90.265320  0.000000   0.056873
3.512557   90.265869  0.219727   0.048736
3.515057   90.265320  -0.219727   0.063465
3.517557   90.265320  0.000000   0.056873
3.520057   90.265320  0.000000   0.056873
3.522557   90.265320  0.000000   0.056873
3.525057   90.265320  0.000000   0.056873
3.527557   90.265320  0.000000   0.056873
3.530057   90.265869  0.219727   0.048736
3.532557   90.265320  -0.219727   0.063465
3.535057   90.265320  0.000000   0.056873
3.537557   90.265320  0.000000   0.056873
3.540057   90.265320  0.000000   0.056873
3.542557   90.265320  0.000000   0.056873
3.545057   90.265869  0.219727   0.048736
3.547557   90.265320  -0.219727   0.063465
3.550057   90.265320  0.000000   0.056873
3.552557   90.265320  0.000000   0.056873
3.555058   90.265320  0.000000   0.056873
3.557558   90.265320  0.000000   0.056873
3.560058   90.265320  0.000000   0.056873
3.562558   90.265320  0.000000   0.056873
3.565058   90.265320  0.000000   0.056873
3.567558   90.265320  0.000000   0.056873
3.570058   90.265320  0.000000   0.056873
3.572558   90.265320  0.000000   0.056873
3.575058   90.265320  0.000000   0.056873
3.577558   90.265320  0.000000   0.056873
3.580058   90.265320  0.000000   0.056873
3.582558   90.265320  0.000000   0.056873
3.585058   90.265320  0.000000   0.056873
3.587558   90.265320  0.000000   0.056873
3.590058   90.265320  0.000000   0.056873
3.592558   90.265320  0.000000   0.056873
3.595058   90.265320  0.000000   0.056873
3.597558   90.265320  0.000000   0.056873
3.600059   90.265320  0.000000   0.056873
3.602559   90.265869  0.219727   0.048736
3.605059   90.265320  -0.219727   0.063465
3.607559   90.265320  0.000000   0.056873
3.610059   90.265320  0.000000   0.056873
3.612559   90.265320  0.000000   0.056873
3.615059   90.265320  0.000000   0.056873
3.617559   90.265869  0.219727   0.048736
3.620059   90.265869  0.000000   0.055328
3.622559   90.265320  -0.219727   0.063465
3.625059   90.265320  0.000000   0.056873
3.627559   90.265320  0.000000   0.056873
3.630059   90.265320  0.000000   0.056873
3.632559   90.265320  0.000000   0.056873
3.635059   90.265320  0.000000   0.056873
3.637559   90.265320  0.000000   0.056873
3.640059   90.265320  0.000000   0.056873
3.642560   90.265320  0.000000   0.056873
3.645060   90.265320  0.000000   0.056873
3.647560   90.265320  0.000000   0.056873
3.650060   90.265320  0.000000   0.056873
3.652560   90.265320  0.000000   0.056873
3.655060   90.265320  0.000000   0.056873
3.657560   90.265320  0.000000   0.056873
3.660060   90.265320  0.000000   0.056873
3.662560   90.265320  0.000000   0.056873
3.665060   90.265320  0.000000   0.056873
3.667560   90.265320  0.000000   0.056873
3.670060   90.265320  0.000000   0.056873
3.672560   90.265320  0.000000   0.056873
3.675060   90.265320  0.000000   0.056873
3.677560   90.265320  0.000000   0.056873
3.680060   90.265320  0.000000   0.056873
3.682560   90.265320  0.000000   0.056873
3.685061   90.265320  0.000000   0.056873
3.687561   90.265320  0.000000   0.056873
3.690061   90.265320  0.000000   0.056873
3.692561   90.265320  0.000000   0.056873
3.695061   90.265320  0.000000   0.056873
3.697561   90.265320  0.000000   0.056873
3.700061   90.265320  0.000000   0.056873
3.702561   90.265869  0.219727   0.048736
3.705061   90.265320  -0.219727   0.063465
3.707561   90.265320  0.000000   0.056873
3.710061   90.265320  0.000000   0.056873
3.712561   90.265320  0.000000   0.056873
3.715061   90.265320  0.000000   0.056873
3.717561   90.265320  0.000000   0.056873
3.720061   90.265320  0.000000   0.056873
3.722561   90.265320  0.000000   0.056873
3.725061   90.265320  0.000000   0.056873
3.727561   90.265320  0.000000   0.056873
3.730062   90.265320  0.000000   0.056873
3.732562   90.265320  0.000000   0.056873
3.735062   90.265869  0.219727   0.048736
3.737562   90.265320  -0.219727   0.063465
3.740062   90.265320  0.000000   0.056873
3.742562   90.265320  0.000000   0.056873
3.745062   90.265320  0.000000   0.056873
3.747562   90.265320  0.000000   0.056873
3.750062   90.265320  0.000000   0.056873
3.752562   90.265320  0.000000   0.056873
3.755062   90.265320  0.000000   0.056873
3.757562   90.265320  0.000000   0.056873
3.760062   90.265320  0.000000   0.056873
3.762562   90.265869  0.219727   0.048736
3.765062   90.265320  -0.219727   0.063465
3.767562   90.265869  0.219727   0.048736
3.770062   90.265320  -0.219727   0.063465
3.772563   90.265320  0.000000   0.056873
3.775063   90.265320  0.000000   0.056873
3.777563   90.265320  0.000000   0.056873
3.780063   90.265320  0.000000   0.056873
3.782563   90.265869  0.219727   0.048736
3.785063   90.265869  0.000000   0.055328
3.787563   90.265320  -0.219727   0.063465
3.790063   90.265320  0.000000   0.056873
3.792563   90.265320  0.000000   0.056873
3.795063   90.265320  0.000000   0.056873
3.797563   90.265320  0.000000   0.056873
3.800063   90.265320  0.000000   0.056873
3.802563   90.265320  0.000000   0.056873
3.805063   90.265320  0.000000   0.056873
3.807563   90.265320  0.000000   0.056873
3.810063   90.265320  0.000000   0.056873
3.812563   90.265320  0.000000   0.056873
3.815063   90.265869  0.219727   0.048736
3.817564   90.265320  -0.219727   0.063465
3.820064   90.265320  0.000000   0.056873
3.822564   90.265320  0.000000   0.056873
3.825064   90.265320  0.000000   0.056873
3.827564   90.265320  0.000000   0.056873
3.830064   90.265869  0.219727   0.048736
3.832564   90.265869  0.000000   0.055328
3.835064   90.265320  -0.219727   0.063465
3.837564   90.265320  0.000000   0.056873
3.840064   90.265320  0.000000   0.056873
3.842564   90.265320  0.000000   0.056873
3.845064   90.265320  0.000000   0.056873
3.847564   90.265320  0.000000   0.056873
3.850064   90.265869  0.219727   0.048736
3.852564   90.265320  -0.219727   0.063465
3.855064   90.265320  0.000000   0.056873
3.857564   90.265320  0.000000   0.056873
3.860065   90.265320  0.000000   0.056873
3.862565   90.265320  0.000000   0.056873
3.865065   90.265320  0.000000   0.056873
3.867565   90.265320  0.000000   0.056873
3.870065   90.265320  0.000000   0.056873
3.872565   90.265869  0.219727   0.048736
3.875065   90.265320  -0.219727   0.063465
3.877565   90.265320  0.000000   0.056873
3.880065   90.265320  0.000000   0.056873
3.882565   90.265320  0.000000   0.056873
3.885065   90.265320  0.000000   0.056873
3.887565   90.265320  0.000000   0.056873
3.890065   90.265869  0.219727   0.048736
3.892565   90.265320  -0.219727   0.063465
3.895065   90.265320  0.000000   0.056873
3.897565   90.265320  0.000000   0.056873
3.900065   90.265320  0.000000   0.056873
3.902565   90.265320  0.000000   0.056873
3.905066   90.265320  0.000000   0.056873
3.907566   90.265320  0.000000   0.056873
3.910066   90.265320  0.000000   0.056873
3.912566   90.265320  0.000000   0.056873
3.915066   90.265320  0.000000   0.056873
3.917566   90.265320  0.000000   0.056873
3.920066   90.265320  0.000000   0.056873
3.922566   90.265869  0.219727   0.048736
3.925066   90.265320  -0.219727   0.063465
3.927566   90.265320  0.000000   0.056873
3.930066   90.265320  0.000000   0.056873
3.932566   90.265320  0.000000   0.056873
3.935066   90.265320  0.000000   0.056873
3.937566   90.265320  0.000000   0.056873
3.940066   90.265869  0.219727   0.048736
3.942566   90.265320  -0.219727   0.063465
3.945066   90.265320  0.000000   0.056873
3.947567   90.265320  0.000000   0.056873
3.950067   90.265320  0.000000   0.056873
3.952567   90.265320  0.000000   0.056873
3.955067   90.265320  0.000000   0.056873
3.957567   90.265320  0.000000   0.056873
3.960067   90.265320  0.000000   0.056873
3.962567   90.265320  0.000000   0.056873
3.965067   90.265320  0.000000   0.056873
3.967567   90.265320  0.000000   0.056873
3.970067   90.265320  0.000000   0.056873
3.972567   90.265320  0.000000   0.056873
3.975067   90.265320  0.000000   0.056873
3.977567   90.265320  0.000000   0.056873
3.980067   90.265320  0.000000   0.056873
3.982567   90.265320  0.000000   0.056873
3.985067   90.265320  0.000000   0.056873
3.987567   90.265320  0.000000   0.056873
3.990067   90.265320  0.000000   0.056873
3.992568   90.265320  0.000000   0.056873
3.995068   90.265320  0.000000   0.056873
3.997568   90.265320  0.000000   0.056873
4.000068   90.265320  0.000000   0.056873
4.002568   90.265320  0.000000   0.056873
4.005068   90.265320  0.000000   0.056873
4.007568   90.265320  0.000000   0.056873
4.010068   90.265320  0.000000   0.056873
4.012568   90.265320  0.000000   0.056873
4.015068   90.265320  0.000000   0.056873
4.017568   90.265320  0.000000   0.056873
4.020068   90.265320  0.000000   0.056873
4.022568   90.265320  0.000000   0.056873
4.025068   90.265320  0.000000   0.056873
4.027568   90.265320  0.000000   0.056873
4.030068   90.265320  0.000000   0.056873
4.032568   90.265320  0.000000   0.056873
4.035069   90.265320  0.000000   0.056873
4.037569   90.265320  0.000000   0.056873
4.040069   90.265320  0.000000   0.056873
4.042569   90.265320  0.000000   0.056873
4.045069   90.265320  0.000000   0.056873
4.047569   90.265320  0.000000   0.056873
4.050069   90.265320  0.000000   0.056873
4.052569   90.265320  0.000000   0.056873
4.055069   90.265320  0.000000   0.056873
4.057569   90.265320  0.000000   0.056873
4.060069   90.265320  0.000000   0.056873
4.062569   90.265869  0.219727   0.048736
4.065069   90.265320  -0.219727   0.063465
4.067569   90.265320  0.000000   0.056873
4.070069   90.265320  0.000000   0.056873
4.072569   90.265320  0.000000   0.056873
4.075069   90.265320  0.000000   0.056873
4.077569   90.265320  0.000000   0.056873
4.080070   90.265869  0.219727   0.048736
4.082570   90.265320  -0.219727   0.063465
4.085070   90.265320  0.000000   0.056873
4.087570   90.265320  0.000000   0.056873
4.090070   90.265320  0.000000   0.056873
4.092570   90.265320  0.000000   0.056873
4.095070   90.265869  0.219727   0.048736
4.097570   90.265869  0.000000   0.055328
4.100070   90.265869  0.000000   0.055328
4.102570   90.265320  -0.219727   0.063465
4.105070   90.265320  0.000000   0.056873
4.107570   90.265320  0.000000   0.056873
4.110070   90.265320  0.000000   0.056873
4.112570   90.265320  0.000000   0.056873
4.115070   90.265869  0.219727   0.048736
4.117570   90.265320  -0.219727   0.063465
4.120070   90.265320  0.000000   0.056873
4.122571   90.265320  0.000000   0.056873
4.125071   90.265320  0.000000   0.056873
4.127571   90.265320  0.000000   0.056873
4.130071   90.265320  0.000000   0.056873
4.132571   90.265320  0.000000   0.056873
4.135071   90.265320  0.000000   0.056873
4.137571   90.265320  0.000000   0.056873
4.140071   90.265320  0.000000   0.056873
4.142571   90.265320  0.000000   0.056873
4.145071   90.265320  0.000000   0.056873
4.147571   90.265320  0.000000   0.056873
4.150071   90.265320  0.000000   0.056873
4.152571   90.265869  0.219727   0.048736
4.155071   90.265320  -0.219727   0.063465
4.157571   90.265320  0.000000   0.056873
4.160071   90.265320  0.000000   0.056873
4.162571   90.265320  0.000000   0.056873
4.165071   90.265320  0.000000   0.056873
4.167572   90.265320  0.000000   0.056873
4.170072   90.265320  0.000000   0.056873
4.172572   90.265320  0.000000   0.056873
4.175072   90.265320  0.000000   0.056873
4.177572   90.265320  0.000000   0.056873
4.180072   90.265320  0.000000   0.056873
4.182572   90.265320  0.000000   0.056873
4.185072   90.265320  0.000000   0.056873
4.187572   90.265320  0.000000   0.056873
4.190072   90.265320  0.000000   0.056873
4.192572   90.265320  0.000000   0.056873
4.195072   90.265320  0.000000   0.056873
4.197572   90.265320  0.000000   0.056873
4.200072   90.265869  0.219727   0.048736
4.202572   90.265320  -0.219727   0.063465
4.205072   90.265320  0.000000   0.056873
4.207572   90.265320  0.000000   0.056873
4.210073   90.265320  0.000000   0.056873
4.212573   90.265320  0.000000   0.056873
4.215073   90.265320  0.000000   0.056873
4.217573   90.265320  0.000000   0.056873
4.220073   90.265320  0.000000   0.056873
4.222573   90.265320  0.000000   0.056873
4.225073   90.265320  0.000000   0.056873
4.227573   90.265320  0.000000   0.056873
4.230073   90.265320  0.000000   0.056873
4.232573   90.265320  0.000000   0.056873
4.235073   90.265320  0.000000   0.056873
4.237573   90.265320  0.000000   0.056873
4.240073   90.265320  0.000000   0.056873
4.242573   90.265869  0.219727   0.048736
4.245073   90.265869  0.000000   0.055328
4.247573   90.265320  -0.219727   0.063465
4.250073   90.265320  0.000000   0.056873
4.252573   90.265320  0.000000   0.056873
4.255074   90.265320  0.000000   0.056873
4.257574   90.265320  0.000000   0.056873
4.260074   90.265869  0.219727   0.048736
4.262574   90.265320  -0.219727   0.063465
4.265074   90.265320  0.000000   0.056873
4.267574   90.265320  0.000000   0.056873
4.270074   90.265320  0.000000   0.056873
4.272574   90.265320  0.000000   0.056873
4.275074   90.265320  0.000000   0.056873
4.277574   90.265320  0.000000   0.056873
4.280074   90.265320  0.000000   0.056873
4.282574   90.265320  0.000000   0.056873
4.285074   90.265320  0.000000   0.056873
4.287574   90.265320  0.000000   0.056873
4.290074   90.265320  0.000000   0.056873
4.292574   90.265320  0.000000   0.056873
4.295074   90.265320  0.000000   0.056873
4.297575   90.265320  0.000000   0.056873
4.300075   90.265320  0.000000   0.056873
4.302575   90.265320  0.000000   0.056873
4.305075   90.265320  0.000000   0.056873
4.307575   90.265320  0.000000   0.056873
4.310075   90.265320  0.000000   0.056873
4.312575   90.265320  0.000000   0.056873
4.315075   90.265320  0.000000   0.056873
4.317575   90.265320  0.000000   0.056873
4.320075   90.265320  0.000000   0.056873
4.322575   90.265320  0.000000   0.056873
4.325075   90.265320  0.000000   0.056873
4.327575   90.265320  0.000000   0.056873
4.330075   90.265320  0.000000   0.056873
4.332575   90.265320  0.000000   0.056873
4.335075   90.265320  0.000000   0.056873
4.337575   90.265320  0.000000   0.056873
4.340075   90.265320  0.000000   0.056873
4.342576   90.265320  0.000000   0.056873
4.345076   90.265320  0.000000   0.056873
4.347576   90.265320  0.000000   0.056873
4.350076   90.265320  0.000000   0.056873
4.352576   90.265320  0.000000   0.056873
4.355076   90.265320  0.000000   0.056873
4.357576   90.265320  0.000000   0.056873
4.360076   90.265320  0.000000   0.056873
4.362576   90.265320  0.000000   0.056873
4.365076   90.265869  0.219727   0.048736
4.367576   90.265320  -0.219727   0.063465
4.370076   90.265320  0.000000   0.056873
4.372576   90.265320  0.000000   0.056873
4.375076   90.265320  0.000000   0.056873
4.377576   90.265320  0.000000   0.056873
4.380076   90.265320  0.000000   0.056873
4.382576   90.265320  0.000000   0.056873
4.385077   90.265320  0.000000   0.056873
4.387577   90.265320  0.000000   0.056873
4.390077   90.265320  0.000000   0.056873
4.392577   90.265320  0.000000   0.056873
4.395077   90.265320  0.000000   0.056873
4.397577   90.265320  0.000000   0.056873
4.400077   90.265320  0.000000   0.056873
4.402577   90.265320  0.000000   0.056873
4.405077   90.265320  0.000000   0.056873
4.407577   90.265320  0.000000   0.056873
4.410077   90.265320  0.000000   0.056873
4.412577   90.265320  0.000000   0.056873
4.415077   90.265869  0.219727   0.048736
4.417577   90.265320  -0.219727   0.063465
4.420077   90.265320  0.000000   0.056873
4.422577   90.265320  0.000000   0.056873
4.425077   90.265320  0.000000   0.056873
4.427577   90.265320  0.000000   0.056873
4.430078   90.265320  0.000000   0.056873
4.432578   90.265320  0.000000   0.056873
4.435078   90.265320  0.000000   0.056873
4.437578   90.265320  0.000000   0.056873
4.440078   90.265320  0.000000   0.056873
4.442578   90.265320  0.000000   0.056873
4.445078   90.265320  0.000000   0.056873
4.447578   90.265320  0.000000   0.056873
4.450078   90.265320  0.000000   0.056873
4.452578   90.265320  0.000000   0.056873
4.455078   90.265320  0.000000   0.056873
4.457578   90.265320  0.000000   0.056873
4.460078   90.265320  0.000000   0.056873
4.462578   90.265320  0.000000   0.056873
4.465078   90.265320  0.000000   0.056873
4.467578   90.265320  0.000000   0.056873
4.470078   90.265320  0.000000   0.056873
4.472579   90.265320  0.000000   0.056873
4.475079   90.265320  0.000000   0.056873
4.477579   90.265320  0.000000   0.056873
4.480079   90.265320  0.000000   0.056873
4.482579   90.265320  0.000000   0.056873
4.485079   90.265320  0.000000   0.056873
4.487579   90.265320  0.000000   0.056873
4.490079   90.265320  0.000000   0.056873
4.492579   90.265320  0.000000   0.056873
4.495079   90.265320  0.000000   0.056873
4.497579   90.265320  0.000000   0.056873
4.500079   90.265320  0.000000   0.056873
4.502579   90.265320  0.000000   0.056873
4.505079   90.265320  0.000000   0.056873
4.507579   90.265320  0.000000   0.056873
4.510079   90.265320  0.000000   0.056873
4.512579   90.265320  0.000000   0.056873
4.515079   90.265320  0.000000   0.056873
4.517580   90.265320  0.000000   0.056873
4.520080   90.265869  0.219727   0.048736
4.522580   90.265869  0.000000   0.055328
4.525080   90.265320  -0.219727   0.063465
4.527580   90.265320  0.000000   0.056873
4.530080   90.265320  0.000000   0.056873
4.532580   90.265320  0.000000   0.056873
4.535080   90.265320  0.000000   0.056873
4.537580   90.265869  0.219727   0.048736
4.540080   90.265869  0.000000   0.055328
4.542580   90.265320  -0.219727   0.063465
4.545080   90.265320  0.000000   0.056873
4.547580   90.265320  0.000000   0.056873
4.550080   90.265320  0.000000   0.056873
4.552580   90.265320  0.000000   0.056873
4.555080   90.265320  0.000000   0.056873
4.557580   90.265320  0.000000   0.056873
4.560081   90.265320  0.000000   0.056873
4.562581   90.265320  0.000000   0.056873
4.565081   90.265320  0.000000   0.056873
4.567581   90.265320  0.000000   0.056873
4.570081   90.265320  0.000000   0.056873
4.572581   90.265320  0.000000   0.056873
4.575081   90.265320  0.000000   0.056873
4.577581   90.265320  0.000000   0.056873
4.580081   90.265320  0.000000   0.056873
4.582581   90.265320  0.000000   0.056873
4.585081   90.265320  0.000000   0.056873
4.587581   90.265869  0.219727   0.048736
4.590081   90.265320  -0.219727   0.063465
4.592581   90.265320  0.000000   0.056873
4.595081   90.265320  0.000000   0.056873
4.597581   90.265320  0.000000   0.056873
4.600081   90.265320  0.000000   0.056873
4.602582   90.265320  0.000000   0.056873
4.605082   90.265320  0.000000   0.056873
4.607582   90.265320  0.000000   0.056873
4.610082   90.265320  0.000000   0.056873
4.612582   90.265320  0.000000   0.056873
4.615082   90.265320  0.000000   0.056873
4.617582   90.265320  0.000000   0.056873
4.620082   90.265869  0.219727   0.048736
4.622582   90.265320  -0.219727   0.063465
4.625082   90.265320  0.000000   0.056873
4.627582   90.265320  0.000000   0.056873
4.630082   90.265320  0.000000   0.056873
4.632582   90.265320  0.000000   0.056873
4.635082   90.265320  0.000000   0.056873
4.637582   90.265869  0.219727   0.048736
4.640082   90.265320  -0.219727   0.063465
4.642582   90.265320  0.000000   0.056873
4.645082   90.265320  0.000000   0.056873
4.647583   90.265320  0.000000   0.056873
4.650083   90.265320  0.000000   0.056873
4.652583   90.265320  0.000000   0.056873
4.655083   90.265320  0.000000   0.056873
4.657583   90.265320  0.000000   0.056873
4.660083   90.265320  0.000000   0.056873
4.662583   90.265320  0.000000   0.056873
4.665083   90.265320  0.000000   0.056873
4.667583   90.265320  0.000000   0.056873
4.670083   90.265320  0.000000   0.056873
4.672583   90.265320  0.000000   0.056873
4.675083   90.265320  0.000000   0.056873
4.677583   90.265320  0.000000   0.056873
4.680083   90.265320  0.000000   0.056873
4.682583   90.265320  0.000000   0.056873
4.685083   90.265320  0.000000   0.056873
4.687583   90.265320  0.000000   0.056873
4.690084   90.265320  0.000000   0.056873
4.692584   90.265320  0.000000   0.056873
4.695084   90.265320  0.000000   0.056873
4.697584   90.265320  0.000000   0.056873
4.700084   90.265320  0.000000   0.056873
4.702584   90.265320  0.000000   0.056873
4.705084   90.265320  0.000000   0.056873
4.707584   90.265320  0.000000   0.056873
4.710084   90.265320  0.000000   0.056873
4.712584   90.265320  0.000000   0.056873
4.715084   90.265320  0.000000   0.056873
4.717584   90.265320  0.000000   0.056873
4.720084   90.265320  0.000000   0.056873
4.722584   90.265320  0.000000   0.056873
4.725084   90.265320  0.000000   0.056873
4.727584   90.265320  0.000000   0.056873
4.730084   90.265320  0.000000   0.056873
4.732584   90.265320  0.000000   0.056873
4.735085   90.265320  0.000000   0.056873
4.737585   90.265320  0.000000   0.056873
4.740085   90.265320  0.000000   0.056873
4.742585   90.265869  0.219727   0.048736
4.745085   90.265320  -0.219727   0.063465
4.747585   90.265320  0.000000   0.056873
4.750085   90.265320  0.000000   0.056873
4.752585   90.265320  0.000000   0.056873
4.755085   90.265320  0.000000   0.056873
4.757585   90.265320  0.000000   0.056873
4.760085   90.265320  0.000000   0.056873
4.762585   90.265320  0.000000   0.056873
4.765085   90.265320  0.000000   0.056873
4.767585   90.265320  0.000000   0.056873
4.770085   90.265320  0.000000   0.056873
4.772585   90.265320  0.000000   0.056873
4.775085   90.265320  0.000000   0.056873
4.777586   90.265320  0.000000   0.056873
4.780086   90.265320  0.000000   0.056873
4.782586   90.265320  0.000000   0.056873
4.785086   90.265320  0.000000   0.056873
4.787586   90.265320  0.000000   0.056873
4.790086   90.265320  0.000000   0.056873
4.792586   90.265320  0.000000   0.056873
4.795086   90.265320  0.000000   0.056873
4.797586   90.265320  0.000000   0.056873
4.800086   90.265320  0.000000   0.056873
4.802586   90.265869  0.219727   0.048736
4.805086   90.265320  -0.219727   0.063465
4.807586   90.265320  0.000000   0.056873
4.810086   90.265320  0.000000   0.056873
4.812586   90.265320  0.000000   0.056873
4.815086   90.265320  0.000000   0.056873
4.817586   90.265320  0.000000   0.056873
4.820086   90.265869  0.219727   0.048736
4.822587   90.265320  -0.219727   0.063465
4.825087   90.265320  0.000000   0.056873
4.827587   90.265320  0.000000   0.056873
4.830087   90.265320  0.000000   0.056873
4.832587   90.265320  0.000000   0.056873
4.835087   90.265320  0.000000   0.056873
4.837587   90.265320  0.000000   0.056873
4.840087   90.265320  0.000000   0.056873
4.842587   90.265320  0.000000   0.056873
4.845087   90.265320  0.000000   0.056873
4.847587   90.265320  0.000000   0.056873
4.850087   90.265320  0.000000   0.056873
4.852587   90.265320  0.000000   0.056873
4.855087   90.265320  0.000000   0.056873
4.857587   90.265869  0.219727   0.048736
4.860087   90.265320  -0.219727   0.063465
4.862587   90.265320  0.000000   0.056873
4.865088   90.265320  0.000000   0.056873
4.867588   90.265320  0.000000   0.056873
4.870088   90.265320  0.000000   0.056873
4.872588   90.265320  0.000000   0.056873
4.875088   90.265320  0.000000   0.056873
4.877588   90.265320  0.000000   0.056873
4.880088   90.265320  0.000000   0.056873
4.882588   90.265320  0.000000   0.056873
4.885088   90.265320  0.000000   0.056873
4.887588   90.265320  0.000000   0.056873
4.890088   90.265320  0.000000   0.056873
4.892588   90.265320  0.000000   0.056873
4.895088   90.265320  0.000000   0.056873
4.897588   90.265320  0.000000   0.056873
4.900088   90.265320  0.000000   0.056873
4.902588   90.265320  0.000000   0.056873
4.905088   90.265320  0.000000   0.056873
4.907588   90.265320  0.000000   0.056873
4.910089   90.265320  0.000000   0.056873
4.912589   90.265320  0.000000   0.056873
4.915089   90.265320  0.000000   0.056873
4.917589   90.265320  0.000000   0.056873
4.920089   90.265320  0.000000   0.056873
4.922589   90.265320  0.000000   0.056873
4.925089   90.265320  0.000000   0.056873
4.927589   90.265320  0.000000   0.056873
4.930089   90.265320  0.000000   0.056873
4.932589   90.265320  0.000000   0.056873
4.935089   90.265320  0.000000   0.056873
4.937589   90.265320  0.000000   0.056873
4.940089   90.265320  0.000000   0.056873
4.942589   90.265320  0.000000   0.056873
4.945089   90.265320  0.000000   0.056873
4.947589   90.265320  0.000000   0.056873
4.950089   90.265320  0.000000   0.056873
4.952590   90.265320  0.000000   0.056873
4.955090   90.265320  0.000000   0.056873
4.957590   90.265320  0.000000   0.056873
4.960090   90.265320  0.000000   0.056873
4.962590   90.265320  0.000000   0.056873
4.965090   90.265320  0.000000   0.056873
4.967590   90.265320  0.000000   0.056873
4.970090   90.265320  0.000000   0.056873
4.972590   90.265320  0.000000   0.056873
4.975090   90.265320  0.000000   0.056873
4.977590   90.265320  0.000000   0.056873
4.980090   90.265320  0.000000   0.056873
4.982590   90.265320  0.000000   0.056873
4.985090   90.265320  0.000000   0.056873
4.987590   90.265320  0.000000   0.056873
4.990090   90.265320  0.000000   0.056873
4.992590   90.265320  0.000000   0.056873
4.995090   90.265320  0.000000   0.056873
4.997591   90.265320  0.000000   0.056873
5.000091   90.265320  0.000000   0.056873
